0.13172568  4.57348171  0.21227895  5.21825872  
0.11508965  3.99962721  0.25959338  6.38635006  
0.09098502  3.14995660  0.22602542  5.53806859  
0.02114857  0.73440486  0.15589381  3.82802461  
0.08997235  3.11500397  0.22570359  5.53025922  
0.02123456  0.73737526  0.15522347  3.81146974  
0.13158245  4.56847002  0.21234763  5.21989287  
0.11244752  3.90781362  0.25913271  6.37475416  
0.08503816  2.96630277  0.18970235  4.68285944  
0.20235233  7.07292580  0.20323799  5.03583542  
0.13550136  4.70470841  0.17556377  4.31365634  
0.09478061  3.30111885  0.15143441  3.73123183  
0.10798987  3.77842561  0.23495874  5.81416452  
0.14309179  5.01352574  0.15972843  3.96212882  
0.15908590  5.58046484  0.16395763  4.07201979  
0.10877272  3.80150339  0.24030795  5.94031492  
0.16220019  5.61657958  0.21717193  5.32850350  
0.20694512  7.20803119  0.23283140  5.75051862  
0.17626172  6.10897580  0.23830742  5.85242389  
0.18392291  6.42436193  0.27012154  6.68267254  
0.16508257  5.69829798  0.21433912  5.24185949  
0.16157555  5.61744378  0.20622016  5.07974011  
0.13157177  4.54679799  0.18645531  4.55998709  
0.17848476  6.22789389  0.23375210  5.77856717  
0.11319847  3.95863549  0.24283112  6.01166879  
0.14766575  5.12534067  0.21665203  5.32522407  
0.06480340  2.26798047  0.24440807  6.04771997  
0.21090915  7.33552059  0.26764742  6.60754573  
0.11131571  3.88263103  0.20120074  4.96330707  
0.15574990  5.39278386  0.18481232  4.53363207  
0.15542802  5.41305576  0.26797783  6.59960579  
0.14878407  5.15397218  0.24296404  5.95927644  
0.16084973  5.58744680  0.27414506  6.74450449  
0.20022693  6.97956085  0.22074788  5.45337234  
0.09850527  3.41710623  0.13140930  3.22538624  
0.16832104  5.83871090  0.24170113  5.93874003  
0.08702246  3.01545256  0.21235438  5.20542126  
0.13829886  4.81037576  0.20218026  4.97681024  
0.18472579  6.39678543  0.22921114  5.62783149  
0.12237762  4.25104303  0.23669857  5.81764321  
0.15223835  5.34400907  0.23343713  5.80017628  
0.15617014  5.47876832  0.26669013  6.62646765  
0.18027350  6.28381529  0.23891975  5.90523548  
0.20554175  7.17615850  0.22361193  5.53818420  
0.18720751  6.55646912  0.26393037  6.56040504  
0.16416254  5.74793435  0.25771720  6.38928605  
0.14187891  4.89218219  0.23530772  5.74071599  
0.11069329  3.82616683  0.15933069  3.89664734  
0.11894262  4.11843195  0.07279805  1.78370382  
0.06501523  2.27151023  0.20679992  5.10996604  
0.17681157  6.12171459  0.21220078  5.20677483  
0.14440762  5.05092508  0.27627312  6.84697712  
0.14619500  5.06603253  0.19990938  4.90463107  
0.08751633  3.07376838  0.20709146  5.14900445  
0.15120337  5.25882853  0.18492526  4.55581366  
0.13077606  4.60783202  0.20373819  5.07891837  
0.16082662  5.60985617  0.24853433  6.13802120  
0.18524730  6.49234177  0.28039370  6.96961574  
0.08018281  2.79102854  0.24371524  5.99642410  
0.17215713  6.05323275  0.21393478  5.32931071  
0.18339270  6.39344123  0.20439720  5.04927532  
0.13591309  4.72904466  0.18869135  4.64928598  
0.09080903  3.15768321  0.19736312  4.85441826  
0.14717380  5.12256158  0.16970493  4.18106230  
0.14070449  4.84544909  0.21601111  5.26786333  
0.09491337  3.27841760  0.24708202  6.04019707  
0.13753596  4.76171784  0.25457311  6.24099335  
0.07475953  2.59041837  0.26697829  6.54302443  
0.06531777  2.25041464  0.19019466  4.63427806  
0.14657155  5.06222157  0.25396404  6.21662561  
0.09518248  3.30215994  0.24076700  5.90912985  
0.19896996  6.91511478  0.26717523  6.58447042  
0.03409641  1.17683027  0.20769756  5.06654516  
0.17416000  6.06998034  0.18302899  4.51990719  
0.12677670  4.38680710  0.17017217  4.16835931  
0.16847173  5.84301987  0.21903701  5.38533360  
0.09964793  3.47829439  0.20209003  4.99126683  
0.12125356  4.25929888  0.26087754  6.48847014  
0.21959130  7.61696879  0.25395352  6.24895070  
0.11918540  4.15033456  0.14547189  3.58437504  
0.29614945  10.3024136  0.26191013  6.48113932  
0.10625518  3.70730518  0.21000448  5.18705887  
0.21877927  7.61987324  0.25054276  6.18964131  
0.07818595  2.73148540  0.22127989  5.46227846  
0.13022242  4.53087257  0.18581963  4.57415256  
0.20285219  7.09188371  0.28055198  6.95999338  
0.07775657  2.70428156  0.24195671  5.94572222  
0.25137453  8.81521724  0.23833344  5.93460407  
0.07181836  2.51303610  0.23064467  5.70313080  
0.11720916  4.06206893  0.24840822  6.08429700  
0.18178359  6.39361340  0.21126666  5.26911240  
0.14368043  4.97970534  0.24119931  5.92124685  
0.09605197  3.37301324  0.21023505  5.22527717  
0.13093049  4.57994117  0.18413501  4.55889890  
0.14297329  5.01991006  0.21600682  5.36864231  
0.09777487  3.39438333  0.22783112  5.59363662  
0.09562967  3.35217144  0.24667807  6.11560661  
0.11018965  3.84617635  0.18782621  4.63744875  
0.22550034  7.88204007  0.21105279  5.23172944  
0.18579671  6.45749868  0.22120749  5.44338976  
0.04462753  1.56683558  0.17939391  4.45390318  
0.14783610  5.12542912  0.17334191  4.25564380  
0.14045250  4.92291701  0.20548062  5.10035131  
0.05988529  2.07157970  0.22401299  5.47747447  
0.19164990  6.67171888  0.23565861  5.81591118  
0.09815259  3.42742324  0.13721253  3.39065067  
0.13378397  4.67367213  0.16830736  4.16281242  
0.15951798  5.55973538  0.17051313  4.20635824  
0.17902115  6.25429343  0.17897756  4.43021053  
0.20803482  7.26310667  0.22610783  5.59363293  
0.13628463  4.76427369  0.19912456  4.92947994  
0.09314184  3.25075674  0.16088698  3.97179561  
0.18352231  6.34783395  0.22578493  5.53259744  
0.20051768  6.92668833  0.26188330  6.41162498  
0.12448183  4.32373990  0.18171073  4.46913374  
0.13397794  4.64952100  0.15016019  3.68973733  
0.19850514  6.89840268  0.21040773  5.18136040  
0.07531377  2.62118363  0.18681210  4.59941881  
0.12707172  4.42329106  0.23895374  5.88263000  
0.09448831  3.29179828  0.20949375  5.15821073  
0.14672675  5.13720138  0.25719542  6.37836388  
0.14849505  5.15604074  0.17340876  4.26318763  
0.17041660  5.96230130  0.26185297  6.49176694  
0.10869939  3.76399026  0.14207597  3.48174920  
0.10273119  3.61709531  0.21955756  5.47506403  
0.11786963  4.08753369  0.17321383  4.25105063  
0.09030984  3.18322354  0.17072833  4.25908697  
0.13947024  4.82054124  0.14147524  3.46130477  
0.08055854  2.79901456  0.21444363  5.27101154  
0.14274031  4.97120056  0.26252758  6.46553995  
0.18356389  6.37862541  0.16721610  4.11822481  
0.27360496  9.60264317  0.23122096  5.76891701  
0.21203748  7.39163192  0.20207904  4.99327786  
0.16350564  5.70554120  0.23749371  5.87292000  
0.11704830  4.06933792  0.23050095  5.67374042  
0.06454162  2.25355143  0.26723785  6.59296111  
0.09634621  3.36844441  0.22852770  5.65947556  
0.02555449  0.89126991  0.23825908  5.87805709  
0.15917717  5.52167280  0.18954301  4.65729718  
0.14725829  5.09958993  0.25020600  6.13474385  
0.22935816  7.93719249  0.28150884  6.91511360  
0.04561730  1.58268686  0.14163890  3.47647513  
0.12412939  4.27679415  0.18593857  4.53389777  
0.14434760  4.97225969  0.18895584  4.60641472  
0.23172309  8.06429571  0.22242910  5.49408589  
0.10204807  3.57090895  0.18861236  4.67037641  
0.18044470  6.29452746  0.15465047  3.82217734  
0.05672646  1.98190326  0.21428039  5.29259690  
0.21730010  7.54996946  0.22967071  5.65966891  
0.21388487  7.47776069  0.24725376  6.12745377  
0.15892289  5.54742873  0.19677040  4.86422366  
0.05472644  1.91939652  0.19658461  4.87451076  
0.07939072  2.74611521  0.25976250  6.35422887  
0.14813152  5.17198032  0.26584878  6.58148494  
0.05037864  1.74818003  0.19153884  4.70284988  
0.14652172  5.12093355  0.24782058  6.13750923  
0.15288282  5.28870873  0.15948457  3.90626604  
0.05470161  1.90707223  0.22951635  5.65956131  
0.14485320  5.02120128  0.24297260  5.96382579  
0.10254284  3.57748404  0.23901962  5.90339816  
0.13283351  4.63167599  0.17969831  4.43729617  
0.23278141  8.06084340  0.21264917  5.22615253  
0.21098008  7.31173528  0.22668394  5.57352644  
0.14577348  5.03909332  0.15984761  3.91298539  
0.10369383  3.63411125  0.27033424  6.69426395  
0.14646675  5.11922964  0.15942933  3.94554683  
0.20785698  7.28372240  0.22039424  5.47720799  
0.12827263  4.47736440  0.21085321  5.20619260  
0.13989308  4.86225837  0.24608000  6.04713351  
0.19762493  6.89103191  0.22658005  5.60334350  
0.16151848  5.62734030  0.15187377  3.74783902  
0.23372548  8.15659633  0.19633682  4.86200294  
0.16565461  5.75873863  0.25208333  6.20365322  
0.24125953  8.39556537  0.28495937  7.03679029  
0.08826031  3.07412986  0.22309819  5.49149814  
0.16329024  5.70561549  0.21206956  5.24692042  
0.14074557  4.87857638  0.18686796  4.58576933  
0.19939666  6.91396883  0.25741201  6.32886468  
0.12403434  4.28192825  0.23712799  5.79267275  
0.08533785  2.95306780  0.13734162  3.36218206  
0.12166360  4.19905539  0.24713239  6.03607036  
0.11770542  4.07455004  0.22719986  5.56632156  
0.15084739  5.20622594  0.22220742  5.43266225  
0.11239437  3.88611695  0.12406188  3.03542118  
0.11037422  3.84776867  0.15510609  3.82545685  
0.07216159  2.52751341  0.13844308  3.43026425  
0.17710228  6.17226110  0.23389533  5.77502691  
0.19159935  6.72752812  0.14875411  3.70202147  
0.14647681  5.08279798  0.18332091  4.50159207  
0.08993646  3.11810333  0.17855594  4.37623439  
0.09724292  3.39731562  0.19133757  4.73048817  
0.11840560  4.15016741  0.15052752  3.73536486  
0.15156361  5.26918153  0.15302122  3.76651525  
0.14471706  5.06208360  0.20963181  5.18727371  
0.11595151  4.01777436  0.24001798  5.87976602  
0.25836658  9.04336437  0.23343937  5.80445264  
0.18287563  6.34693707  0.23128071  5.68752785  
0.09182988  3.20395580  0.16508998  4.07344283  
0.20996239  7.29160016  0.25603101  6.30447620  
0.17667019  6.16667345  0.22102466  5.46666182  
0.08603203  3.00901006  0.12993676  3.21606133  
0.13724880  4.78346973  0.21228372  5.23715934  
0.24441831  8.53216611  0.24245968  6.00554809  
0.11259568  3.91536747  0.17487082  4.30245052  
0.11914022  4.14790193  0.23716532  5.84185000  
0.11235661  3.95051573  0.18157595  4.51734535  
0.12214879  4.25681929  0.18063422  4.45240397  
0.14826458  5.19055446  0.28597882  7.10245811  
0.15976346  5.54173306  0.21768762  5.34815854  
0.18267335  6.34551943  0.17132112  4.21612874  
0.20332411  7.07991356  0.22541501  5.56575469  
0.31672864  11.0115088  0.32474541  8.03945733  
0.22511383  7.81138497  0.23153531  5.69958627  
0.26265734  9.14875142  0.21660084  5.35820090  
0.15673274  5.46637525  0.24756319  6.10860601  
0.16960092  5.92393485  0.28818058  7.12253417  
0.24110139  8.36860797  0.21989409  5.41729894  
0.07925007  2.73457512  0.17840219  4.35543909  
0.17419082  6.10719518  0.25820569  6.41746131  
0.13784365  4.78120033  0.15954388  3.91685370  
0.27343497  9.47742080  0.26750882  6.59149901  
0.11265660  3.88651449  0.18696516  4.56421360  
0.08281407  2.89203796  0.25166843  6.21394324  
0.15160622  5.26952335  0.15584200  3.83591805  
0.27440404  9.55603148  0.22716365  5.62099018  
0.19701213  6.85375961  0.19697163  4.85788223  
0.06820317  2.37662611  0.17631793  4.34367620  
0.10250652  3.59200259  0.19148481  4.74518504  
0.10865174  3.77738005  0.20699001  5.08932897  
0.13127031  4.55839910  0.21570028  5.30002617  
0.18703282  6.49043085  0.16056145  3.94738379  
0.18864003  6.58036749  0.20533817  5.07485938  
0.15614925  5.41923453  0.19433957  4.77401052  
0.10542355  3.67492193  0.26787438  6.61061231  
0.24791160  8.60747427  0.28622262  7.05983421  
0.26192032  9.13367098  0.24616005  6.09530105  
0.15818253  5.47609416  0.16707145  4.09523995  
0.15986418  5.55614659  0.17676217  4.35187157  
0.13931425  4.81247822  0.30239755  7.39387523  
0.13548087  4.69679045  0.30581556  7.50650710  
0.11380120  3.94469706  0.21312102  5.22621840  
0.18019434  6.31976631  0.21358329  5.30713595  
0.01121569  0.38742492  0.13424131  3.27964983  
0.06750791  2.36719524  0.26092520  6.46869036  
0.13822612  4.79891738  0.20091432  4.93889068  
0.08357477  2.91708005  0.24332016  6.00600077  
0.10997963  3.80448975  0.23224083  5.68119843  
0.20276980  7.10490868  0.25422299  6.31383882  
0.10545000  3.68674927  0.11133667  2.75442987  
0.15353403  5.28892177  0.21641542  5.27837447  
0.14669900  5.14393585  0.24769361  6.14793754  
0.09681656  3.36309712  0.17206332  4.22875369  
0.12951510  4.52128698  0.25008588  6.17228812  
0.16556928  5.72929448  0.16727023  4.09938518  
0.08595974  3.00804271  0.20270501  5.01400883  
0.13281989  4.62225605  0.11212512  2.76141048  
0.11922654  4.16133368  0.17041421  4.21073482  
0.15326405  5.36699475  0.20343120  5.04205466  
0.20525116  7.16713005  0.19815049  4.90639768  
0.23205989  8.13776864  0.22427604  5.58126019  
0.18107770  6.31682054  0.15502245  3.83208781  
0.12242875  4.26988213  0.18703847  4.61562990  
0.23004514  8.01757927  0.21868322  5.40710430  
0.14137793  4.93137155  0.17564565  4.33624978  
0.18889610  6.57914819  0.23359934  5.76550525  
0.17133289  5.96480222  0.18411433  4.54000796  
0.13417397  4.69300230  0.20710489  5.12499087  
0.09625155  3.34376855  0.18862387  4.63394206  
0.14667024  5.11748874  0.24877474  6.15134284  
0.12488522  4.35267626  0.18285031  4.51108294  
0.20647763  7.22333980  0.21444020  5.31969602  
0.13398370  4.66184318  0.12285137  3.02533866  
0.20221089  6.98208409  0.25759967  6.30749425  
0.18912396  6.57562556  0.19948192  4.91676138  
0.17244561  5.95020753  0.22689290  5.54676491  
0.17688110  6.15350681  0.18228252  4.49469520  
0.16725340  5.84530280  0.22931504  5.68143032  
0.07920454  2.79609408  0.18389029  4.59413382  
0.20428557  7.12300789  0.21021898  5.19886695  
0.02613240  0.92167286  0.17687552  4.41467261  
0.05940497  2.08792201  0.20665254  5.13408885  
0.22301846  7.77731981  0.18829210  4.65887424  
0.19026415  6.64757145  0.21042146  5.21211762  
0.18694144  6.48468278  0.22801839  5.60342806  
0.17489118  6.11255554  0.17378555  4.30272820  
0.16856193  5.81794457  0.24670456  6.02902660  
0.20554608  7.13516301  0.22342780  5.49753965  
0.11848784  4.09681235  0.18044807  4.41632816  
0.27427589  9.56121762  0.31597363  7.83420922  
0.18496047  6.46049425  0.26983207  6.67996104  
0.13340462  4.66694980  0.22435159  5.55552402  
0.18032796  6.30901953  0.17233128  4.27133078  
0.18204612  6.34203477  0.21462455  5.29563701  
0.07409611  2.57768275  0.27222588  6.70214547  
0.16838164  5.87419994  0.19456993  4.81029477  
0.13977163  4.86100089  0.21647417  5.32627547  
0.12259429  4.24292877  0.24996587  6.12798579  
0.10989544  3.79471545  0.17578217  4.29616163  
0.07048476  2.45105870  0.22506719  5.54267386  
0.12918676  4.47179422  0.19981941  4.89956026  
0.13282175  4.64972410  0.17612726  4.36654470  
0.14016688  4.87280915  0.21338682  5.25290879  
0.09743233  3.41110113  0.18609383  4.61036635  
0.13921295  4.83383966  0.18976998  4.66383618  
0.10886657  3.78560655  0.20927007  5.14332182  
0.08908219  3.11130586  0.18014127  4.44940770  
0.13482688  4.68333888  0.20150095  4.95655010  
0.19483341  6.77178226  0.24168127  5.95548626  
0.12729973  4.46284155  0.15145601  3.75904267  
0.18557728  6.48493620  0.25337644  6.27230658  
0.15756761  5.51856353  0.20490295  5.08323696  
0.27398876  9.56329630  0.23832667  5.91143712  
0.07104555  2.47146972  0.28700848  7.05092832  
0.24460484  8.47490772  0.26934668  6.62581608  
0.07399593  2.57483320  0.21190957  5.21572930  
0.17101376  5.90467871  0.19587202  4.79091628  
0.16133794  5.64031101  0.27643239  6.84290595  
0.13469552  4.67585243  0.31657307  7.77449900  
0.22448963  7.80692765  0.29697158  7.33181012  
0.11561988  4.00687735  0.15110953  3.70716963  
0.28077881  9.79551954  0.24790258  6.14914473  
0.05367611  1.88298901  0.15017097  3.72389929  
0.09924007  3.45336846  0.20862626  5.13431282  
0.12720514  4.47103171  0.18629423  4.63146472  
0.12259611  4.24962831  0.10811383  2.65239849  
0.12039831  4.20806524  0.24676235  6.10799623  
0.11737695  4.05471519  0.16231157  3.96755971  
0.23727739  8.28214392  0.23496048  5.82233202  
0.21514319  7.47909205  0.21179992  5.22228752  
0.15302441  5.35217726  0.15050221  3.72776714  
0.21323010  7.35980413  0.20406637  4.99409874  
0.11068565  3.86860443  0.18675443  4.61745059  
0.05960374  2.08713815  0.17753955  4.39892606  
0.09776097  3.43510004  0.21117839  5.24779607  
0.09292534  3.23228819  0.17119972  4.21170617  
0.09018601  3.17181132  0.16545612  4.11609787  
0.04193503  1.45622450  0.24612359  6.03567184  
0.17074377  5.95327456  0.24929925  6.15853093  
0.10520238  3.62692783  0.16264900  3.96874637  
0.12578923  4.35359509  0.21750583  5.33203396  
0.08939345  3.10385488  0.25697663  6.31177879  
0.06133110  2.13471527  0.26094178  6.43098165  
0.16546408  5.71308033  0.22617847  5.53148267  
0.03901302  1.35207592  0.18010602  4.41398849  
0.08738550  3.04873962  0.18686856  4.61171901  
0.18464286  6.44541112  0.24367931  6.03258060  
0.15374016  5.35585309  0.24373495  6.00737448  
0.18849027  6.61294361  0.17930049  4.45764204  
0.20721111  7.19031669  0.19229063  4.73146147  
0.17955685  6.20349245  0.25137640  6.15398816  
0.15347540  5.33832595  0.23968353  5.90327067  
0.07947204  2.77114612  0.12370182  3.05140395  
0.09922865  3.43619991  0.14821695  3.63090230  
0.18447485  6.37125366  0.17638274  4.31742444  
0.06590999  2.28056616  0.19325616  4.72980300  
0.16302095  5.63773892  0.24397827  5.97319208  
0.16531466  5.78676529  0.18397667  4.56074386  
0.13422159  4.65414348  0.22615232  5.55395397  
0.23880870  8.37571223  0.25943162  6.46082700  
0.05079516  1.77109711  0.24796786  6.11080538  
0.22696146  7.85941430  0.26013088  6.39333533  
0.15081043  5.25940038  0.17324725  4.27923388  
0.23925770  8.33114039  0.25348776  6.26386391  
0.09632395  3.38820920  0.19821740  4.93683302  
0.15248836  5.31354130  0.17771557  4.38593722  
0.25502775  8.88038849  0.24918798  6.16291561  
0.12482970  4.37062581  0.19780625  4.90369048  
0.13681482  4.81063435  0.16195755  4.03121497  
0.15839402  5.46184511  0.22354028  5.45959680  
0.11986266  4.12620317  0.19317415  4.70743737  
0.15808084  5.48129780  0.28164250  6.92026079  
0.10443895  3.61819294  0.18989017  4.65736107  
0.09320581  3.23432270  0.26174045  6.41963820  
0.11253105  3.90968949  0.21449043  5.27161341  
0.09287926  3.24759929  0.23292426  5.76929418  
0.10200211  3.56128853  0.20791211  5.13567089  
0.22141374  7.74113523  0.26783536  6.63579766  
0.14118116  4.90061801  0.21589338  5.30554116  
0.25276077  8.81757861  0.21405767  5.30022706  
0.19130772  6.63437212  0.22335374  5.49086744  
0.16405037  5.70225359  0.19345198  4.76369690  
0.19380189  6.68991944  0.15170773  3.71153385  
0.11256249  3.91419330  0.26189058  6.44469560  
0.18830827  6.52087886  0.22225130  5.45164265  
0.20781247  7.18709760  0.26699740  6.54611151  
0.20026865  6.91835997  0.20165459  4.93941060  
0.22571149  7.88263027  0.21975478  5.44520232  
0.15706684  5.44876801  0.17990561  4.42039245  
0.21128323  7.35392341  0.19568511  4.82885178  
0.22718106  7.84521549  0.23284189  5.70355189  
0.07382664  2.59432081  0.17883102  4.44140662  
0.12141441  4.22316073  0.20935154  5.14988466  
0.19127412  6.69709117  0.23320653  5.78580478  
0.15155643  5.28610574  0.22243248  5.49216784  
0.09976694  3.48590431  0.15208819  3.75925046  
0.14828737  5.16858205  0.20803854  5.13381864  
0.10878561  3.77764172  0.14988320  3.68249269  
0.25577100  8.83375261  0.30164487  7.39851187  
0.12606835  4.38456013  0.22424904  5.51461288  
0.17748039  6.17245734  0.20801260  5.12658422  
0.13430108  4.65393848  0.16016301  3.92990299  
0.16657721  5.76269844  0.23351658  5.72569466  
0.16459963  5.68582887  0.18986412  4.64617441  
0.13425628  4.64275985  0.22393016  5.48108067  
0.13384019  4.65829825  0.20337362  5.00896250  
0.08010984  2.78237698  0.33189587  8.14317325  
0.16350406  5.65443448  0.20902179  5.12143342  
0.20655277  7.19044364  0.19278591  4.75812816  
0.19811343  6.87952788  0.18098314  4.45355972  
0.21159286  7.40308210  0.17596990  4.36663577  
0.16485645  5.74893033  0.22358596  5.52534661  
0.08494804  2.97923721  0.21117465  5.23335999  
0.07296893  2.53782985  0.11258852  2.76971798  
0.18009242  6.25956543  0.30640981  7.54066974  
0.10240466  3.55010411  0.18488190  4.53093402  
0.23101586  8.06413115  0.25112021  6.21731981  
0.07529628  2.61637829  0.17758312  4.36272326  
0.07028923  2.45438628  0.21605981  5.33821632  
0.12469569  4.35014538  0.20921420  5.17010718  
0.12998386  4.57235918  0.23785650  5.92747459  
0.09014533  3.11555702  0.15779034  3.85971205  
0.18642471  6.47583466  0.21281004  5.24069550  
0.08977837  3.09903835  0.18612942  4.54399125  
0.11366293  3.95719185  0.22141757  5.45898755  
0.15352813  5.35702979  0.23097355  5.70877605  
0.13007834  4.51579004  0.20162018  4.95860039  
0.09134837  3.19283478  0.18346000  4.53410417  
0.08081223  2.80265677  0.19235828  4.71830794  
0.09750916  3.40436731  0.22719791  5.61192785  
0.03303497  1.15404614  0.16294719  4.02407478  
0.09885748  3.47054757  0.24114238  5.99032709  
0.16295205  5.69245521  0.23873641  5.90622430  
0.14343374  5.01506824  0.19536001  4.83485046  
0.07578103  2.65994065  0.24022798  5.96336348  
0.16173520  5.62842527  0.20517124  5.05902243  
0.11998692  4.21054673  0.21285594  5.28514977  
0.05477415  1.90500954  0.16742326  4.11574298  
0.10424573  3.64133640  0.18418649  4.55262163  
0.15920226  5.49643574  0.18884312  4.61745648  
0.19407431  6.74544390  0.17774593  4.37818520  
0.18415618  6.42856912  0.19227756  4.75471320  
0.17716326  6.21073008  0.18498451  4.59321783  
0.16701372  5.77124275  0.22520794  5.51459194  
0.17416352  6.05892449  0.24842533  6.12214345  
0.13055312  4.54787122  0.22509955  5.54968155  
0.12071280  4.22118624  0.24741063  6.12015185  
0.24279871  8.38013775  0.25639854  6.28188504  
0.22440684  7.80801825  0.18976752  4.68350302  
0.13325252  4.63325796  0.21191799  5.21571683  
0.13565792  4.67128547  0.20099404  4.90013962  
0.16803965  5.84367394  0.27613171  6.79910258  
0.14897358  5.12680647  0.18390584  4.48126395  
0.11326634  3.96590261  0.27731312  6.87053471  
0.16832554  5.82028426  0.26756937  6.55359522  
0.17824625  6.23844986  0.24661108  6.11468425  
0.14610349  5.04680384  0.18379414  4.49657436  
0.20902810  7.29439926  0.24302906  6.01512109  
0.11711789  4.05117413  0.20464615  5.00654824  
0.18622981  6.48729281  0.22743930  5.61552051  
0.08123994  2.80338345  0.22618837  5.51618086  
0.16692800  5.83003145  0.24059667  5.95161733  
0.24541246  8.50447287  0.27187289  6.68891898  
0.20119955  7.00969355  0.22491567  5.55539245  
0.28280403  9.76873472  0.29390243  7.21890695  
0.19969173  6.93586322  0.28963107  7.13684739  
0.04025447  1.39399872  0.24176923  5.92266999  
0.10181241  3.51291159  0.15822520  3.86340527  
0.14753172  5.08764580  0.12143645  2.96473029  
0.11869251  4.12314263  0.27327293  6.71607478  
0.08066970  2.80103043  0.23625923  5.80461792  
0.13504328  4.65580163  0.17765933  4.33757699  
0.13084829  4.51849880  0.17776983  4.34537000  
0.19145756  6.65394711  0.22910613  5.64375818  
0.26740568  9.38942665  0.25342102  6.32436767  
0.07987387  2.76485020  0.16065771  3.93270372  
0.05508932  1.92948310  0.18402374  4.55559666  
0.12669021  4.42748444  0.19357082  4.79167643  
0.03412025  1.20276785  0.22390376  5.58306704  
0.22284568  7.72507411  0.19206251  4.72232002  
0.21251581  7.45289972  0.18672391  4.64496597  
0.11149001  3.90115172  0.17019507  4.21480990  
0.11314533  3.94664510  0.15192098  3.75118671  
0.08296391  2.90889240  0.20639582  5.11910085  
0.11165674  3.89496278  0.13255706  3.27223846  
0.04256015  1.48249325  0.12726869  3.13386358  
0.12036060  4.20948019  0.21627121  5.35803744  
0.07483444  2.61743510  0.15161786  3.75029389  
0.13761908  4.81364842  0.18348250  4.54390239  
0.21067282  7.37336580  0.19666985  4.88233930  
0.10785083  3.75521182  0.14827409  3.65224993  
0.14482074  5.08177664  0.17465642  4.34002463  
0.09656726  3.38737426  0.19587135  4.86347533  
0.10754534  3.75280199  0.16914459  4.17896351  
0.12339202  4.28767388  0.16652353  4.09519361  
0.09732218  3.39042358  0.17236284  4.24889088  
0.20341445  7.10729915  0.22988366  5.69785231  
0.11097784  3.86132560  0.25498548  6.27872575  
0.16648770  5.76448500  0.18902655  4.63670247  
0.18845237  6.57970319  0.31789880  7.86418710  
0.10005320  3.47080146  0.18555573  4.55558963  
0.14365018  4.98709404  0.26479319  6.51021839  
0.12399237  4.29222181  0.16179374  3.96405276  
0.05782768  2.01514910  0.25032476  6.17624560  
0.10670340  3.68896327  0.17335093  4.24042086  
0.19468853  6.76318641  0.20740837  5.10695664  
0.21384018  7.38813066  0.21855678  5.35608670  
0.22487876  7.81454718  0.18709391  4.61190606  
0.23342822  8.03825014  0.27940922  6.82733674  
0.15963013  5.62257777  0.17942941  4.47577449  
0.27028483  9.43858098  0.27762786  6.89030411  
0.10987947  3.86794701  0.18715068  4.65911350  
0.11661940  4.07426660  0.18564946  4.58912678  
0.13189254  4.62016305  0.24741539  6.14021284  
0.16289732  5.63188310  0.20410218  4.99777385  
0.15988019  5.56628675  0.22999407  5.66931989  
0.13788049  4.73623705  0.23466107  5.70797672  
0.08104386  2.83549168  0.18580217  4.59726895  
0.16869666  5.84568871  0.20305294  4.98299562  
0.16962318  5.92598989  0.23585048  5.83648263  
0.12822089  4.44209155  0.16297791  3.99649273  
0.07696821  2.68226088  0.25130283  6.19126987  
0.09023419  3.14195435  0.20792703  5.11823207  
0.17025542  5.96029189  0.16923939  4.19594152  
0.14771516  5.16803902  0.15645894  3.87735926  
0.08419570  2.94652098  0.13747763  3.40391092  
0.15292164  5.33578013  0.14364144  3.54861821  
0.10553355  3.70481766  0.16296180  4.04994985  
0.12128469  4.24873999  0.16167858  4.00989246  
0.09595888  3.37584635  0.18841828  4.69275009  
0.09947165  3.47171771  0.13935664  3.44136021  
0.09446054  3.33166676  0.16418156  4.09844971  
0.05501098  1.92909539  0.17771445  4.40997352  
0.07066655  2.45463206  0.17416756  4.28058382  
0.14979046  5.18074225  0.16857210  4.12889917  
0.11944221  4.15922297  0.18135811  4.47142238  
0.18486307  6.41374238  0.17349902  4.26570552  
0.11016714  3.84772250  0.27034906  6.67436184  
0.19603674  6.80205685  0.18659460  4.58879422  
0.14293604  5.01597337  0.18434269  4.58176529  
0.04181163  1.44898002  0.14429784  3.53545417  
0.07238885  2.51719197  0.20882169  5.13350158  
0.14613736  5.06034907  0.16193780  3.97099324  
0.13763423  4.82878645  0.18280915  4.54186048  
0.08768223  3.04304032  0.22545832  5.53524698  
0.13758159  4.78879333  0.20161982  4.96293975  
0.17010739  5.89468503  0.20918658  5.13648705  
0.12095353  4.18189472  0.23842718  5.83069266  
0.18897238  6.52244693  0.20207311  4.94340403  
0.18908171  6.62486834  0.17964796  4.45925563  
0.11530381  4.01834161  0.21435213  5.28670304  
0.22091431  7.68384431  0.20274883  5.00299371  
0.16503264  5.72540739  0.14686777  3.60847120  
0.13646924  4.77452730  0.17812926  4.41149378  
0.15273833  5.28783315  0.22161355  5.43472561  
0.04426910  1.55581721  0.17230795  4.28221502  
0.17700065  6.14648215  0.22954982  5.64616393  
0.13155417  4.56449974  0.21633677  5.31165447  
0.13374370  4.63560684  0.18018054  4.42113235  
0.09995882  3.47786396  0.21457748  5.28397111  
0.21258736  7.37471182  0.22919231  5.63852255  
0.18136398  6.35665754  0.23376565  5.80367875  
0.08112607  2.84560407  0.20207698  5.01453207  
0.07842598  2.71783838  0.17811059  4.36598193  
0.14729113  5.12124546  0.19671892  4.84126401  
0.21215942  7.43024428  0.27866383  6.92507724  
0.13659266  4.78231789  0.29041375  7.20037048  
0.12003600  4.16512947  0.23243628  5.70806450  
0.22022531  7.69005466  0.22693247  5.62383818  
0.24170292  8.42104623  0.25792286  6.37800967  
0.12930344  4.49921439  0.22331915  5.49836744  
0.26270629  9.15775330  0.27764037  6.87640952  
0.21122680  7.34639155  0.28108710  6.93407567  
0.16244951  5.66419389  0.20250920  5.00280888  
0.16725993  5.84843396  0.22904235  5.67134396  
0.17009047  5.92787535  0.22217150  5.48434355  
0.25299138  8.84067099  0.30925589  7.67879993  
0.10370997  3.57325306  0.25405428  6.19339205  
0.14227645  4.90329894  0.27209085  6.64181528  
0.04883387  1.70178731  0.22477305  5.53997922  
0.15845586  5.53226020  0.21837210  5.40104229  
0.18828308  6.48225745  0.30526931  7.44743821  
0.05553602  1.91699646  0.21966814  5.36260280  
0.08544507  2.97814826  0.16124601  3.97589450  
0.05833876  2.03123809  0.20755051  5.10893680  
0.16728310  5.84051454  0.24254626  5.99218265  
0.19071596  6.68690732  0.22043059  5.47483904  
0.18661556  6.46840545  0.30012536  7.36615610  
0.13494495  4.69699164  0.15057212  3.71028883  
0.14182739  4.93310451  0.16587691  4.08634900  
0.10866535  3.77088617  0.17733587  4.35371281  
0.24182866  8.34242798  0.28584468  6.99696233  
0.16405921  5.65269586  0.23681579  5.77926940  
0.19919784  6.95878504  0.22981207  5.69111274  
0.12252928  4.24573923  0.18866984  4.62985780  
0.13146022  4.56198610  0.32499236  7.98361277  
0.11810573  4.07268719  0.21905594  5.34591284  
0.06575756  2.30308616  0.26649993  6.59614965  
0.08830360  3.06522754  0.15139830  3.71684529  
0.18912263  6.64535814  0.23213324  5.77845926  
0.21679762  7.51576974  0.22809716  5.60704877  
0.22881523  7.93788437  0.24689584  6.07951539  
0.13564039  4.74914972  0.20544865  5.09094296  
0.22127211  7.67342075  0.28478385  7.00699495  
0.05819436  2.03260575  0.22611480  5.58588942  
0.14789213  5.12702053  0.24126189  5.92225782  
0.08721296  3.05145845  0.18838419  4.66313211  
0.12357310  4.28755832  0.13733584  3.37339412  
0.17080733  5.94596546  0.24721776  6.09366449  
0.14075054  4.87266773  0.21610913  5.29621981  
0.18788828  6.58969997  0.24185206  6.01130869  
0.17892573  6.17206528  0.18116406  4.42770250  
0.17204781  6.01009330  0.21993134  5.44462465  
0.20230688  7.04662051  0.24479808  6.04411524  
0.10162922  3.56231684  0.24733017  6.12963964  
0.10418453  3.62483397  0.19183031  4.72065746  
0.05633572  1.97377223  0.24891935  6.15959154  
0.10741578  3.73701294  0.23316344  5.73865328  
0.10404786  3.59474666  0.13773514  3.36715664  
0.14746415  5.18479870  0.29378542  7.31669309  
0.09269949  3.23674504  0.18535455  4.58113314  
0.20513331  7.15730184  0.24372196  6.03046420  
0.09502551  3.27955894  0.20343307  4.96969778  
0.07308835  2.57182878  0.20582530  5.12508644  
0.03276013  1.13678353  0.20013800  4.91038055  
0.11986543  4.19403300  0.27066799  6.69936080  
0.18405354  6.43570018  0.21356574  5.29512647  
0.07933440  2.76790967  0.13395655  3.30622965  
0.15921604  5.51786772  0.17125424  4.20376941  
0.07717256  2.69019165  0.18987980  4.68206911  
0.12630245  4.38090841  0.19704561  4.83567806  
0.15367139  5.33426237  0.15945970  3.91858536  
0.10437030  3.60292318  0.12784089  3.12334782  
0.20817388  7.29297405  0.21121832  5.24565883  
0.16310692  5.71721083  0.16290740  4.04430197  
0.16906231  5.90749293  0.21497715  5.32072631  
0.14641896  5.12746492  0.23086568  5.72086749  
0.20842357  7.30187920  0.26025685  6.46609884  
0.12397131  4.32773431  0.20139150  4.97433749  
0.15779361  5.51104780  0.22692431  5.61556303  
0.17341612  6.04659827  0.23964473  5.91604491  
0.20150300  6.98960088  0.30343494  7.46400954  
0.13858197  4.79316631  0.16278133  3.98734351  
0.13165261  4.56717305  0.29859740  7.33971424  
0.20286632  7.02724699  0.22579549  5.54545155  
0.23411931  8.14758442  0.25086544  6.19566650  
0.10131306  3.50609577  0.24357594  5.96223361  
0.23735896  8.23445044  0.26981561  6.64536249  
0.17373252  6.00203207  0.28108702  6.87951461  
0.06735750  2.36055686  0.16411653  4.06637854  
0.20034414  6.95003285  0.19185349  4.71847997  
0.11649392  4.06767812  0.22145498  5.47074297  
0.08783656  3.05514964  0.16205160  3.98541561  
0.09403128  3.29880889  0.22725507  5.64621799  
0.10334041  3.58666423  0.17933930  4.40085932  
0.14623546  5.12147703  0.17099722  4.23832974  
0.06564515  2.28284876  0.16181004  3.97862851  
0.18867278  6.58049725  0.21291958  5.25943398  
0.05881443  2.05413607  0.26126092  6.45213895  
0.09958979  3.45081403  0.22267390  5.45806308  
0.19963951  6.94707011  0.22529771  5.56005877  
0.22166328  7.69393317  0.25240424  6.21122859  
0.08818421  3.09833305  0.22849261  5.67944892  
0.03126052  1.08721769  0.17534797  4.31337676  
0.12408501  4.37511420  0.16968078  4.23618092  
0.18565766  6.47129347  0.19519524  4.82024534  
0.07273502  2.53022710  0.22742930  5.59599070  
0.17512902  6.09344664  0.19433978  4.78847413  
0.10109925  3.50061940  0.19393646  4.74752623  
0.13957187  4.86291149  0.22274488  5.49251932  
0.25331124  8.82858482  0.29355902  7.25972690  
0.12620738  4.39360384  0.19074144  4.69896008  
0.19385321  6.72799862  0.21926029  5.39137383  
0.05175024  1.81332039  0.25355955  6.27557559  
0.11540303  4.03086038  0.29384918  7.25624359  
0.14422352  5.05137030  0.24043708  5.96002957  
0.03754132  1.31147670  0.19557445  4.83104049  
0.10629331  3.70667309  0.18872752  4.65845183  
0.11575623  4.04530622  0.14350909  3.54859486  
0.10163144  3.53739539  0.15690207  3.86547305  
0.11011675  3.82536968  0.20117782  4.94587579  
0.11456175  3.97988426  0.16482824  4.05252313  
0.12180890  4.22496730  0.13552286  3.32726786  
0.14922512  5.19493149  0.20870176  5.14440062  
0.14733654  5.09573015  0.21721249  5.31886945  
0.17113930  6.02605744  0.19211610  4.79127817  
0.16182247  5.70028767  0.20360046  5.07870036  
0.10475923  3.67746926  0.21508321  5.34088306  
0.19073143  6.68060640  0.24299481  6.03628595  
0.14006729  4.92260554  0.20877203  5.19445305  
0.08926475  3.12512243  0.13518148  3.34919985  
0.18897452  6.59094902  0.18889798  4.66940760  
0.24635318  8.53339030  0.22618928  5.56215623  
0.14937579  5.23267399  0.16881253  4.18839729  
0.16714760  5.84412525  0.23376636  5.79410199  
0.19351550  6.73239335  0.22837838  5.63141054  
0.18594115  6.45718535  0.19560854  4.81302873  
0.10545157  3.67377255  0.17153769  4.22775036  
0.09506461  3.30137603  0.24071644  5.91319258  
0.09309803  3.24014099  0.20165184  4.96398697  
0.16239323  5.65919680  0.23728740  5.85870157  
0.14208322  4.98414402  0.20127742  5.00225440  
0.12745722  4.45208256  0.24665240  6.09834581  
0.07448478  2.60182071  0.18572042  4.59190590  
0.17023314  5.93143563  0.27906823  6.89318634  
0.11275429  3.93845380  0.20637822  5.09840858  
0.24719922  8.65087486  0.31467357  7.81270125  
0.18864312  6.57577034  0.28385927  7.01988818  
0.15322996  5.38331513  0.19247963  4.78964792  
0.14287812  4.96718655  0.16658900  4.09955710  
0.04040523  1.41085578  0.19511871  4.81291758  
0.15269960  5.27916628  0.22962086  5.62112620  
0.17478366  6.08959688  0.22401818  5.53137977  
0.03726130  1.29835669  0.16257902  4.00558818  
0.09288326  3.23684141  0.14179128  3.49468385  
0.13207371  4.60960646  0.17400282  4.29839418  
0.06214970  2.17020647  0.13587125  3.35490840  
0.11076089  3.87049651  0.21624905  5.34999349  
0.16364313  5.74348264  0.18095443  4.50037767  
0.11805790  4.12606206  0.20239583  5.01046428  
0.15882384  5.57022803  0.21457441  5.33411679  
0.09944112  3.46259036  0.17948560  4.42033923  
0.08784841  3.06694322  0.23895941  5.89604956  
0.19199743  6.62934581  0.24667542  6.03602971  
0.13371778  4.65498652  0.19431911  4.78679701  
0.12996211  4.49659822  0.30903956  7.55587647  
0.16479967  5.76520090  0.23990876  5.94412454  
0.12659064  4.36691774  0.23697621  5.78547938  
0.19585553  6.83118548  0.22410238  5.54002231  
0.11799672  4.09715918  0.17843389  4.38404793  
0.24573445  8.53871521  0.24318531  5.99971832  
0.18280652  6.33284707  0.14919673  3.66108397  
0.25167656  8.77989083  0.28985301  7.18207375  
0.18919602  6.57964299  0.25247008  6.22085723  
0.25298644  8.85262078  0.26861568  6.67372992  
0.15515665  5.38798145  0.23790634  5.85541599  
0.17554344  6.15661955  0.21279223  5.28413779  
0.06315862  2.19031509  0.14701225  3.60557577  
0.24243111  8.45988336  0.22519481  5.57628408  
0.11668261  4.05924845  0.28113689  6.92031969  
0.10278639  3.60303231  0.16276083  4.03610829  
0.17799874  6.14530953  0.18321954  4.48154661  
0.16941749  5.90082172  0.21566194  5.31901361  
0.23787835  8.24195713  0.23633539  5.81244076  
0.11771804  4.09501234  0.24033910  5.91347315  
0.15467387  5.39119340  0.25487268  6.28907915  
0.16456585  5.75581966  0.19229453  4.76322081  
0.10216269  3.56648581  0.17865056  4.41112841  
0.22540242  7.83389514  0.24210318  5.96702089  
0.14081724  4.92000921  0.16925292  4.18393408  
0.16959955  5.92521717  0.19930531  4.93098963  
0.16657461  5.80709438  0.22525801  5.55703214  
0.14362097  4.98518011  0.13037078  3.20353706  
0.06886592  2.40543681  0.25208950  6.22050872  
0.11742923  4.08666355  0.20096582  4.94991087  
0.18381004  6.40868937  0.27431322  6.77885581  
0.23409699  8.11384014  0.26376961  6.48679048  
0.11506985  4.01782402  0.17106825  4.22950629  
0.18043710  6.26072872  0.19627267  4.82563688  
0.13893456  4.85021272  0.23938666  5.91081257  
0.16898794  5.88429824  0.17035470  4.20316590  
0.21374865  7.45996465  0.24607634  6.09223644  
0.15284483  5.31989839  0.22113140  5.45086880  
0.12351744  4.31319341  0.26435361  6.52616407  
0.13442250  4.68537535  0.26901265  6.63136477  
0.19418309  6.76629602  0.28812373  7.11827506  
0.17314060  6.02017406  0.22698701  5.59319048  
0.19387567  6.75612746  0.31855316  7.86814334  
0.17822945  6.21479953  0.24573614  6.07531834  
0.07806540  2.71312819  0.18423122  4.52798265  
0.13687854  4.75995049  0.19874234  4.89248259  
0.06370766  2.21366843  0.27360363  6.71849840  
0.13891419  4.85742176  0.19976645  4.94330395  
0.18016303  6.26625982  0.18813261  4.63710230  
0.15861792  5.50792696  0.26063113  6.41463661  
0.14475903  5.04798518  0.20250611  4.99933454  
0.11431165  3.99251342  0.26170373  6.46478290  
0.22413462  7.77941841  0.23188875  5.70791498  
0.20993007  7.33114975  0.23796240  5.89236912  
0.10650600  3.70034809  0.18066030  4.43986857  
0.19066238  6.67298842  0.23675805  5.87221369  
0.20594149  7.14647318  0.22330119  5.49211652  
0.21566887  7.53471667  0.22380098  5.54601892  
0.11701132  4.06780365  0.15410362  3.79098281  
0.16730063  5.86018417  0.20044171  4.97280816  
0.13282901  4.65679270  0.14048379  3.48649244  
0.13371761  4.69011214  0.17066573  4.23542867  
0.23681932  8.22385790  0.22620746  5.57606507  
0.10835241  3.75702898  0.13106701  3.21568566  
0.13539991  4.73988842  0.21646568  5.35872309  
0.13216627  4.62141699  0.15676466  3.87952956  
0.09424235  3.28562906  0.18709592  4.61374484  
0.22787098  7.90062886  0.20294960  4.99175752  
0.09744170  3.40755512  0.14956132  3.70165147  
0.25861869  9.00992812  0.23561921  5.83126374  
0.21425398  7.48201784  0.22102442  5.47377530  
0.14819210  5.17945105  0.18622382  4.60985248  
0.15943074  5.56886159  0.20118630  4.97760309  
0.21639359  7.54232691  0.20656729  5.10617253  
0.22517495  7.85610422  0.19976585  4.94498055  
0.08411359  2.93939376  0.17367025  4.29445240  
0.14338244  4.97607505  0.21012734  5.16151448  
0.19423980  6.73847269  0.26188858  6.43714050  
0.14863165  5.15227796  0.13762746  3.37807828  
0.14964287  5.21656475  0.20349026  5.02225393  
0.18571996  6.42659111  0.23933789  5.87050438  
0.12520555  4.32381356  0.23163803  5.66425581  
0.12973851  4.51253039  0.17365480  4.27555242  
0.20127267  6.99192569  0.30140841  7.41817689  
0.07239206  2.51886513  0.13308723  3.27622786  
0.09640245  3.34866569  0.22349310  5.49341980  
0.06197396  2.14241754  0.20192898  4.93377065  
0.11751143  4.08728982  0.19353543  4.76269256  
0.22481136  7.86215667  0.27579786  6.84399931  
0.11247781  3.91676152  0.24656983  6.07528322  
0.11866670  4.13801619  0.20343194  5.02422596  
0.12696591  4.42557922  0.24218388  5.98023623  
0.09587906  3.33769108  0.23954639  5.90036168  
0.14491653  5.02463470  0.23249128  5.70676859  
0.10755755  3.71863826  0.17964736  4.39552054  
0.12660012  4.34999468  0.22810763  5.54843340  
0.09577138  3.33367466  0.24165272  5.95155505  
0.14483703  5.02186952  0.23254034  5.70797864  
0.10750086  3.71680404  0.17901950  4.38031333  
0.12782355  4.39184275  0.22935720  5.57870805  
0.18649980  6.46349646  0.25522913  6.26601253  
0.18691635  6.56738956  0.24325261  6.05690851  
0.19920361  6.86510619  0.25522409  6.23473485  
0.21149266  7.39293600  0.23194472  5.75198069  
0.10103795  3.49546482  0.18962044  4.63971918  
0.21025454  7.34619125  0.27349458  6.77916166  
0.16848447  5.82157155  0.23786300  5.82364731  
0.23658914  8.23505387  0.28126734  6.95030520  
0.05657793  1.97655958  0.32426431  7.99005231  
0.09366499  3.27069255  0.12727192  3.14416287  
0.16046991  5.62812597  0.19512801  4.84296889  
0.14613305  5.07754573  0.16616431  4.08674147  
0.14621601  5.13255546  0.16859741  4.19029711  
0.24455857  8.49450660  0.25510371  6.28934150  
0.11541229  4.05075296  0.22490799  5.58235959  
0.15120000  5.23165214  0.17563332  4.30380733  
0.19065204  6.64946046  0.17106170  4.22792259  
0.25138801  8.75742337  0.21428903  5.30101315  
0.22151795  7.73574629  0.22814318  5.65274875  
0.13944030  4.86042904  0.15461754  3.81509749  
0.10050454  3.50518955  0.22103708  5.44971691  
0.16941360  5.90230446  0.18648771  4.60206145  
0.14742073  5.14934350  0.17938794  4.43466411  
0.20517936  7.14466242  0.16903968  4.17099632  
0.12048365  4.19516791  0.15948163  3.93038764  
0.18230486  6.39219115  0.19368165  4.81180715  
0.15831743  5.48501564  0.13327258  3.27040134  
0.21067932  7.33583473  0.16171044  3.99252050  
0.19985425  6.90464599  0.21152229  5.18191027  
0.09623252  3.35281234  0.16841154  4.15090488  
0.22369893  7.72951663  0.22542767  5.52624944  
0.13761809  4.77818968  0.20739987  5.09765149  
0.10178295  3.55850713  0.19327664  4.77825138  
0.18607595  6.51061361  0.26020398  6.44583552  
0.25136497  8.70956548  0.22844451  5.62075771  
0.25529796  8.89008374  0.26161814  6.46760446  
0.23520472  8.18363812  0.24098338  5.94937958  
0.16155434  5.60727685  0.22530381  5.54026482  
0.17357109  5.98718849  0.22199777  5.42573532  
0.18816614  6.51855923  0.23039552  5.65790951  
0.05382646  1.87006419  0.17033384  4.18238100  
0.18133655  6.29514846  0.25023814  6.15208930  
0.14596443  5.05568363  0.26748424  6.55228836  
0.07372695  2.56306825  0.17759989  4.36705121  
0.11189116  3.92327500  0.22112806  5.49161394  
0.07527199  2.63424416  0.17817590  4.41290358  
0.16484712  5.77419962  0.17705239  4.39290441  
0.03111122  1.08299916  0.27509127  6.77774656  
0.18359284  6.37251812  0.20474714  5.03825237  
0.07936135  2.76151086  0.23620431  5.81126850  
0.08598437  2.97553526  0.14637371  3.58337900  
0.14106520  4.90898958  0.26130005  6.44445679  
0.16828812  5.81380675  0.16960515  4.15153650  
0.07793797  2.71596028  0.21085304  5.19953459  
0.05874446  2.01314862  0.17508544  4.24171969  
0.11702611  4.04382138  0.22701449  5.55304015  
0.12340002  4.32551679  0.16261981  4.03478178  
0.19467860  6.75473212  0.19225053  4.72823845  
0.02467296  0.86298493  0.19710021  4.87195266  
0.11934528  4.15172881  0.09038098  2.22490212  
0.20156309  7.06318857  0.19520105  4.84790912  
0.16493542  5.75150706  0.17399187  4.29831178  
0.06510590  2.27857594  0.17444059  4.31624217  
0.11518811  4.01923016  0.18140966  4.48037636  
0.21897738  7.61695809  0.24456796  6.03782575  
0.09004470  3.13373941  0.19931524  4.90453874  
0.14694582  5.15080765  0.21001990  5.21465902  
0.16352243  5.69129384  0.27506709  6.76822782  
0.15274453  5.31642524  0.16266227  4.01005675  
0.25496903  8.80770664  0.29459633  7.22240931  
0.08101087  2.85127969  0.17373946  4.32377279  
0.14675174  5.10596288  0.21198307  5.21957251  
0.19419385  6.77039870  0.25652312  6.33754656  
0.21035300  7.32872973  0.28383488  7.01339273  
0.07376598  2.55563847  0.19945660  4.88710155  
0.16886320  5.84638438  0.21553909  5.28749463  
0.07661881  2.69039306  0.23415615  5.81301375  
0.11163780  3.93242068  0.22885766  5.70849736  
0.20021630  6.96901857  0.18470653  4.55532810  
0.19783643  6.91726454  0.21120570  5.23598237  
0.12116650  4.22343672  0.15344386  3.78595204  
0.15671587  5.44300363  0.23143638  5.68838272  
0.08852488  3.10514594  0.16214718  4.02292471  
0.20998994  7.36023046  0.18239538  4.53267975  
0.22914412  7.96934450  0.20889844  5.15234660  
0.10915881  3.78106998  0.14670593  3.59416278  
0.16074533  5.62918891  0.21509138  5.33659916  
0.12163299  4.24166136  0.15217954  3.75679082  
0.22009840  7.71886956  0.23963519  5.96335517  
0.04299854  1.50059780  0.16979636  4.19005250  
0.05863268  2.05907223  0.23992279  5.96118032  
0.05264194  1.83119357  0.11492063  2.82702715  
0.19303468  6.70604894  0.22470353  5.53436151  
0.13086479  4.52617145  0.15783280  3.86469800  
0.11032988  3.84463316  0.19497203  4.80965992  
0.16298531  5.62051455  0.15486104  3.78271695  
0.12210853  4.23289392  0.20567147  5.04479792  
0.17945008  6.27286816  0.20999676  5.19803777  
0.23731978  8.24099158  0.23970790  5.90574048  
0.16485644  5.76562342  0.16420054  4.06805542  
0.21313049  7.39982060  0.21098736  5.19552416  
0.13825784  4.84020547  0.18587821  4.60594174  
0.14750263  5.11013473  0.16441137  4.02989257  
0.07684339  2.68026378  0.14619035  3.60619504  
0.14739553  5.14497571  0.17758106  4.39045021  
0.13342777  4.65776288  0.20842292  5.14769201  
0.15908995  5.56042802  0.16127518  3.99308409  
0.10347295  3.60985424  0.20599855  5.08276392  
0.17133444  5.95110298  0.18931502  4.66009730  
0.19911676  6.91836511  0.23182815  5.70722821  
0.15861610  5.53266680  0.20194078  4.98964243  
0.08342886  2.90301110  0.19412560  4.77885009  
0.16565157  5.75349614  0.14777960  3.63520307  
0.06019772  2.10788313  0.20459782  5.06685134  
0.20646791  7.16109074  0.22429811  5.51523820  
0.07964070  2.78491971  0.18643284  4.60936921  
0.15622376  5.44328815  0.22527049  5.55458153  
0.17502476  6.14448096  0.15268679  3.79738164  
0.07143152  2.49310554  0.18422197  4.54655099  
0.10142052  3.55919257  0.20229555  5.02000572  
0.12991024  4.52023609  0.21462874  5.28290316  
0.09384663  3.26172504  0.11272997  2.77206643  
0.11420508  3.95054640  0.16809090  4.11599992  
0.17428640  6.00359115  0.18584750  4.53584080  
0.14293622  5.03516380  0.18005282  4.49222048  
0.11188058  3.93367099  0.18887078  4.70008492  
0.17067568  5.95649202  0.15928611  3.93873976  
0.19653863  6.84295542  0.18204855  4.49336819  
0.19004038  6.57300624  0.33787981  8.27809211  
0.14611160  5.04941342  0.22716645  5.55879781  
0.14236689  4.96328897  0.24350304  6.00495803  
0.05151308  1.77877444  0.28222068  6.88728760  
0.13525997  4.65385978  0.18566864  4.52240235  
0.24229541  8.32911436  0.31208311  7.61965542  
0.18794242  6.49832556  0.28855780  7.07128304  
0.07703066  2.66345510  0.15140854  3.70133972  
0.16394213  5.69588327  0.21786991  5.35718166  
0.19995254  6.97402107  0.21379563  5.28671287  
0.08863843  3.06438613  0.17494740  4.27802344  
0.16655360  5.78806445  0.24175128  5.94703073  
0.11596736  4.05096053  0.16373054  4.04913300  
0.08444217  2.95683616  0.23986951  5.94764526  
0.23641774  8.17046237  0.26372991  6.46846730  
0.17280070  6.03690532  0.19514333  4.82959259  
0.10608045  3.70569419  0.21038433  5.19900465  
0.13822477  4.86213154  0.16624684  4.13895014  
0.14872895  5.16705496  0.17035281  4.19078666  
0.21155281  7.34497913  0.21854370  5.37905796  
0.18973242  6.59307334  0.26879667  6.61800160  
0.22082446  7.72586639  0.23788691  5.90694493  
0.23724113  8.23050764  0.24192292  5.95487775  
0.20096694  6.98835297  0.26599251  6.55882514  
0.20102111  7.02256067  0.22585853  5.59450833  
0.15906959  5.54588182  0.24468468  6.03967742  
0.16167744  5.60963320  0.19238503  4.72817667  
0.26128870  9.04588238  0.26440095  6.50103614  
0.15814791  5.53243218  0.22169105  5.49037332  
0.12434599  4.34506951  0.18446644  4.56008960  
0.17638107  6.12996930  0.26944450  6.62964178  
0.13840403  4.82577473  0.21095845  5.20652351  
0.18206246  6.36337551  0.27915967  6.92046410  
0.14120062  4.91965389  0.20976503  5.17368028  
0.11198302  3.89958478  0.20440831  5.03474780  
0.21893818  7.61507689  0.23131407  5.70856925  
0.17949114  6.28559200  0.21299769  5.28577543  
0.14898710  5.17767128  0.24073204  5.92313833  
0.10461850  3.65015877  0.22032811  5.43930597  
0.13672748  4.75410327  0.21884314  5.38784626  
0.20403776  7.08431469  0.20370967  5.01419831  
0.21327563  7.43355887  0.25533818  6.31432363  
0.15901319  5.52999419  0.24548393  6.04999526  
0.14249083  4.98207306  0.26246371  6.50329966  
0.14769139  5.12617376  0.15690135  3.85573511  
0.15674226  5.48744818  0.18350080  4.55026667  
0.14539208  5.02884549  0.14570379  3.56811441  
0.06187399  2.16153474  0.16185994  3.99820664  
0.14400514  5.01063639  0.18498954  4.55455746  
0.17895128  6.25599467  0.20980348  5.19466725  
0.19404439  6.76953676  0.19845421  4.90575548  
0.04728638  1.65241832  0.13876502  3.42909408  
0.14138419  4.88875020  0.18301374  4.47933110  
0.18575651  6.47008219  0.20188615  4.98201835  
0.16533651  5.74143242  0.16873184  4.15108130  
0.16147066  5.62970949  0.24933587  6.15717545  
0.19060773  6.59396948  0.22393756  5.49046926  
0.18593009  6.43065318  0.24758255  6.06791925  
0.24549253  8.53860588  0.23440632  5.78927477  
0.20012537  6.98171567  0.20556582  5.08396553  
0.25090138  8.70061684  0.24265747  5.97601345  
0.23418360  8.13055465  0.24415043  6.01337107  
0.19098484  6.65599764  0.20850130  5.15177207  
0.14974169  5.23969606  0.21460208  5.31614530  
0.14121678  4.91014426  0.18508727  4.55704804  
0.05273898  1.85865044  0.16252545  4.04844193  
0.18832288  6.51484469  0.20612118  5.05290070  
0.19408678  6.82906074  0.17220004  4.29471031  
0.18387611  6.36544005  0.19405059  4.75951915  
0.22184849  7.73127408  0.20063238  4.96088114  
0.18067400  6.25013229  0.23225509  5.69248747  
0.19251912  6.70647621  0.23488528  5.79854682  
0.27363657  9.59145618  0.23230496  5.78512575  
0.11029112  3.86529975  0.26377751  6.53690955  
0.12242650  4.29524121  0.21574175  5.35250058  
0.18305078  6.42823158  0.18683826  4.65166139  
0.16043017  5.59016033  0.20342083  5.02380810  
0.10989883  3.82326591  0.15324891  3.77191481  
0.13811622  4.81116465  0.15211234  3.75094546  
0.25222575  8.75903351  0.22689642  5.59443245  
0.14038924  4.86241608  0.22545600  5.53025120  
0.14809978  5.12580551  0.21512089  5.27315642  
0.16394257  5.69601425  0.19484254  4.79400278  
0.15120582  5.24320864  0.18895811  4.63937695  
0.13688694  4.75912285  0.14377735  3.53925883  
0.18528575  6.42233269  0.16459010  4.04312668  
0.14254314  4.96280972  0.17790884  4.38727154  
0.15134522  5.25654329  0.18350629  4.51482194  
0.23486065  8.16050236  0.28601281  7.05026699  
0.19145858  6.72003184  0.23235964  5.78291515  
0.19911762  6.91043484  0.24115756  5.93613953  
0.16711080  5.84493508  0.23910983  5.92002270  
0.08517865  2.96502172  0.13178456  3.24494663  
0.22821254  8.02420113  0.29364556  7.33176302  
0.10848048  3.77002534  0.24779855  6.09104275  
0.15630743  5.50341020  0.20138227  5.02101221  
0.16461970  5.71246724  0.17076123  4.19799019  
0.13934104  4.89460887  0.21441258  5.32831579  
0.19065034  6.58781626  0.21239157  5.20065852  
0.16190010  5.67177123  0.20475394  5.08171341  
0.14808453  5.12264642  0.18522226  4.53699156  
0.21743785  7.61625739  0.27253814  6.76527777  
0.17987092  6.20077576  0.19411677  4.74174748  
0.20059087  6.99601973  0.29120200  7.19520412  
0.09244431  3.22365072  0.27924639  6.88857388  
0.15428080  5.36635354  0.18128578  4.46433232  
0.08040200  2.81134945  0.20826433  5.14976380  
0.19677780  6.86845705  0.21360458  5.28524322  
0.19198377  6.72961532  0.19374308  4.81123637  
0.05687704  1.98692870  0.11288774  2.78917911  
0.19853037  6.95812538  0.21186242  5.26758213  
0.18468746  6.45559258  0.21263079  5.26881757  
0.12833493  4.44580706  0.17918892  4.39113585  
0.20510748  7.15674718  0.32661279  8.09615901  
0.11277175  3.91404808  0.19022789  4.67241092  
0.22817031  7.94559759  0.22736996  5.61892344  
0.19155883  6.68093461  0.20979490  5.18648082  
0.16118077  5.64310014  0.23454894  5.81235063  
0.03787285  1.31963934  0.23060485  5.67814858  
0.16201162  5.65838520  0.23409771  5.79117252  
0.07499376  2.61726741  0.21802327  5.38025905  
0.13966359  4.89023523  0.15980456  3.96236492  
0.11661240  4.06857097  0.18721978  4.62480308  
0.23646627  8.24593146  0.20629257  5.10621650  
0.19573440  6.85342997  0.15831988  3.92950657  
0.09383620  3.27281950  0.12972202  3.20085808  
0.16304389  5.70614215  0.17637128  4.37292740  
0.07793699  2.71128372  0.13937900  3.43060757  
0.03076263  1.07243541  0.15391801  3.79219357  
0.16937866  5.92993629  0.21346625  5.29234351  
0.21653083  7.49761402  0.21083146  5.17877835  
0.22472509  7.79358375  0.19533998  4.80527208  
0.22843284  7.89206146  0.20536246  5.03348843  
0.22261408  7.72838116  0.21183411  5.21337223  
0.12201090  4.22264626  0.14887076  3.64715418  
0.13530054  4.68133811  0.22145380  5.42044989  
0.20922352  7.23726259  0.23020479  5.64706419  
0.10646141  3.69051959  0.24912312  6.11469264  
0.18931243  6.52978279  0.24969103  6.09946500  
0.19313681  6.68755688  0.22455139  5.51154683  
0.17426727  6.01794717  0.26004842  6.36252605  
0.11912122  4.12615551  0.20585352  5.04804593  
0.15150195  5.23779889  0.22718896  5.55774457  
0.21937204  7.60182502  0.23387465  5.74819535  
0.05353957  1.87391698  0.24592119  6.08932931  
0.25165397  8.83932086  0.23667784  5.90239600  
0.09601656  3.35706496  0.22517625  5.56861306  
0.05849712  2.05296748  0.18736966  4.65273157  
0.11279902  3.91267789  0.15743044  3.86570642  
0.11217228  3.90125097  0.14089306  3.46750424  
0.27335629  9.44798564  0.22710327  5.57537530  
0.20025123  6.95842317  0.18469153  4.54914303  
0.16556591  5.76032428  0.24603826  6.06261518  
0.09481067  3.30030468  0.20863135  5.13388467  
0.09689002  3.37386599  0.20715782  5.09996236  
0.16266197  5.65782911  0.24403717  6.01137538  
0.08328983  2.89352215  0.15958554  3.92318535  
0.14947930  5.20208728  0.25689366  6.32842247  
0.15138730  5.26960285  0.25188453  6.20707410  
0.08008761  2.78333157  0.15809857  3.88814873  
0.24292033  8.47541507  0.21490322  5.32196964  
0.20185735  7.02754692  0.15471447  3.81861041  
0.11396041  3.98816574  0.18474227  4.57452409  
0.15693684  5.48168466  0.19715093  4.87776033  
0.10873584  3.79163584  0.19137002  4.72259223  
0.13996067  4.87864143  0.16031810  3.95579960  
0.11640417  4.06813280  0.18075231  4.46931997  
0.21895572  7.65368207  0.18368601  4.55392572  
0.26626417  9.26818893  0.31290337  7.73067696  
0.11011720  3.80782073  0.28016449  6.85200859  
0.14770484  5.16430385  0.19489775  4.82336519  
0.13683448  4.74536419  0.22347710  5.48166798  
0.19112336  6.67161826  0.20733602  5.13221857  
0.17069354  5.87937132  0.23903991  5.83258353  
0.05021558  1.75463959  0.21021088  5.19112550  
0.18530749  6.40993208  0.25116618  6.15593261  
0.13833237  4.82421755  0.20268836  5.00389395  
0.21146475  7.36889238  0.26201728  6.47565662  
0.26540099  9.23853559  0.20172830  4.98852803  
0.14571969  5.06537843  0.21801892  5.36265113  
0.16284833  5.64590110  0.26183277  6.41973938  
0.23976935  8.36357545  0.23656311  5.85842177  
0.17331169  6.03592835  0.22553272  5.56870176  
0.12364428  4.31887240  0.22408208  5.53519926  
0.07379719  2.54906244  0.11791038  2.88160642  
0.06109111  2.13499698  0.20522268  5.07098133  
0.11037039  3.82812610  0.25587533  6.27760760  
0.08974561  3.15418648  0.21970241  5.46364112  
0.08737875  3.03098112  0.18862228  4.63115139  
0.10175261  3.57834323  0.20570392  5.12328382  
0.06187939  2.14930292  0.21354350  5.24263562  
0.10365324  3.64233715  0.27149330  6.75797663  
0.15102692  5.24718564  0.18414475  4.53222846  
0.11613806  4.09402889  0.15516403  3.87128462  
0.09819031  3.41052219  0.13107295  3.22150986  
0.11291207  3.97760120  0.16927446  4.22084350  
0.22001242  7.64515745  0.25924185  6.38967557  
0.10002476  3.50943795  0.20782918  5.16119616  
0.13715876  4.75140808  0.21041639  5.15689635  
0.12746596  4.46049042  0.20240891  5.01259857  
0.12544082  4.34706230  0.20282507  4.97279703  
0.15638928  5.42588490  0.29535852  7.24378797  
0.12595182  4.35729047  0.24802703  6.06909675  
0.13133125  4.56202897  0.20993266  5.16422098  
0.26423083  9.23991201  0.32528675  8.09010964  
0.18950511  6.64030785  0.25202784  6.25525183  
0.15460435  5.40616801  0.17918551  4.43828098  
0.22330156  7.80816155  0.25773474  6.39327365  
0.13886275  4.81923850  0.19385889  4.76211670  
0.17156280  5.90554313  0.30683616  7.48151645  
0.08221495  2.85742072  0.27375982  6.73041573  
0.13728098  4.77218881  0.20160966  4.96144028  
0.16186126  5.57914227  0.26784008  6.53324426  
0.13322239  4.62056924  0.21007173  5.15712884  
0.13693238  4.74015086  0.17635054  4.32285420  
0.17851008  6.20810044  0.22303531  5.49534243  
0.14715344  5.13847163  0.22866007  5.65241204  
0.13590754  4.74014945  0.16617717  4.10174851  
0.14082844  4.89710602  0.19367813  4.76704574  
0.18168915  6.33442053  0.20124942  4.96982736  
0.17311876  6.03276039  0.26356476  6.50508364  
0.11919601  4.14918868  0.13989790  3.44563074  
0.11059735  3.85264975  0.17728388  4.36843651  
0.16654814  5.81574781  0.20277615  5.01850567  
0.14789869  5.12937385  0.21012805  5.15942180  
0.12082152  4.19050527  0.22993516  5.64384187  
0.13515282  4.68754431  0.23576611  5.78556989  
0.14402425  4.99381255  0.22442649  5.50634398  
0.22110493  7.71372585  0.28993258  7.17493690  
0.20813531  7.26472800  0.29228779  7.23469962  
0.04113072  1.43760740  0.15650193  3.86822952  
0.03504432  1.22476107  0.15016779  3.71110168  
0.18122748  6.27792622  0.19027527  4.66838550  
0.13509446  4.68531425  0.22517895  5.52935609  
0.13568417  4.74226063  0.23365038  5.77792227  
0.11088254  3.87630110  0.24426189  6.03319365  
0.09137339  3.17211251  0.17851890  4.38414149  
0.11734976  4.06531446  0.23295626  5.71121898  
0.13112916  4.60481640  0.19063081  4.74046516  
0.16039793  5.61822597  0.21301582  5.28330296  
0.12090209  4.17539690  0.23742218  5.80905862  
0.10381479  3.59001165  0.16285699  3.98570171  
0.14948200  5.15883080  0.21590714  5.28055967  
0.08153517  2.81306802  0.18938884  4.62265019  
0.12846592  4.46677817  0.27287524  6.71882848  
0.04774973  1.65808653  0.20746465  5.09912743  
0.10374540  3.61055576  0.25656002  6.31314778  
0.10739019  3.72833187  0.28431076  6.98752178  
0.12470637  4.36119362  0.21152542  5.23090532  
0.14244379  4.95804801  0.19642904  4.84199347  
0.11633828  4.08506466  0.19815026  4.92027771  
0.07694443  2.66895677  0.25040951  6.14218435  
0.14953662  5.21526263  0.21906506  5.40925464  
0.18750792  6.57885800  0.21243249  5.28595704  
0.16122597  5.63940374  0.16146417  4.00078818  
0.13731708  4.79782328  0.23047836  5.69400324  
0.13240217  4.60238599  0.15903239  3.91434715  
0.30273305  10.5522823  0.23473717  5.82139082  
0.09173875  3.19693591  0.21707494  5.35398055  
0.22148456  7.72794314  0.19417377  4.80694873  
0.04962697  1.72698573  0.16749886  4.12239789  
0.11618103  4.05701274  0.17401455  4.30003317  
0.10710351  3.72990141  0.16730246  4.11892936  
0.20920188  7.30047582  0.19928658  4.93251672  
0.08383043  2.91550559  0.22611530  5.56050876  
0.13929128  4.81628522  0.18131907  4.44012816  
0.21275448  7.39637821  0.32210380  7.94248609  
0.13851303  4.79234737  0.24389985  5.96907902  
0.07680144  2.67099139  0.21888315  5.38271899  
0.13846291  4.78724198  0.17451754  4.27281197  
0.19737687  6.86064794  0.31031710  7.64577398  
0.13776598  4.76567703  0.24695725  6.04356209  
0.27621439  9.66066923  0.24422094  6.07150990  
0.12344804  4.29577885  0.14646920  3.60860524  
0.08789764  3.08559919  0.21380986  5.31409834  
0.07879066  2.73539287  0.22016437  5.40868224  
0.10890316  3.79967822  0.20078130  4.95984266  
0.04271402  1.49115312  0.23799813  5.87929879  
0.14261797  4.97727138  0.24399693  6.03257026  
0.15128296  5.27443685  0.17524855  4.32441030  
0.21191023  7.42238765  0.21339784  5.30072396  
0.13599255  4.75699679  0.16304444  4.03732651  
0.16399990  5.71234879  0.26100738  6.43600133  
0.16296665  5.71034681  0.18186505  4.51362796  
0.13677054  4.76577659  0.24721189  6.09483023  
0.04292399  1.50564636  0.14164508  3.51326048  
0.05222994  1.81740343  0.18206628  4.48093714  
0.20004448  7.01335190  0.19712138  4.89899554  
0.16529028  5.74948739  0.20937833  5.15711291  
0.14397395  5.01426851  0.24464292  6.02850644  
0.11235149  3.88305060  0.21124976  5.16604837  
0.23874451  8.27630785  0.26010707  6.40122711  
0.15343185  5.31618971  0.21180929  5.19621121  
0.13480053  4.69092754  0.23361015  5.75371124  
0.11654559  4.01781200  0.16150941  3.94128809  
0.22249795  7.70063971  0.25496265  6.25680369  
0.14579325  5.04838946  0.24197434  5.93175601  
0.15592651  5.41768291  0.25810969  6.35393084  
0.10849890  3.76058480  0.18135368  4.44866176  
0.10397856  3.63189675  0.26562956  6.56445194  
0.17173574  5.96032169  0.25470087  6.26240218  
0.17051167  5.92288991  0.29222829  7.19173841  
0.13391951  4.65662508  0.23304567  5.73634474  
0.23478632  8.20746536  0.29430964  7.30353181  
0.16967304  5.91756242  0.20186028  4.99033536  
0.20770353  7.24879547  0.18646036  4.61410292  
0.13272548  4.62995861  0.20305185  5.01308456  
0.09758772  3.41017417  0.16239094  4.01439085  
0.21644142  7.55758669  0.23611494  5.85209405  
0.11100086  3.86436222  0.14955963  3.68411665  
0.18331082  6.40336173  0.17710221  4.38293930  
0.09567740  3.33815700  0.13954830  3.44424767  
0.11368919  3.93244301  0.19630758  4.80697677  
0.11003254  3.80667008  0.24139564  5.91311609  
0.03712672  1.29129569  0.23802114  5.86331585  
0.21197488  7.35532822  0.25517928  6.27569316  
0.08585070  2.98450359  0.20733082  5.10072804  
0.05679122  1.96872772  0.19975959  4.89865566  
0.05299387  1.83328735  0.22219723  5.43371357  
0.05464841  1.89346623  0.15417105  3.78023629  
0.14350094  4.99457175  0.17269873  4.25743367  
0.08836170  3.06503824  0.18432500  4.52334741  
0.15449159  5.34566548  0.18837279  4.61804512  
0.08789520  3.01532551  0.25512278  6.19035843  
0.09325954  3.24175783  0.20559243  5.05891547  
0.16825610  5.84271825  0.22155170  5.44930385  
0.08327278  2.88280410  0.22937410  5.62216435  
0.13028814  4.49820778  0.18264506  4.46476701  
0.17429296  6.06914239  0.20800019  5.12860159  
0.13381649  4.62573895  0.20921299  5.11876914  
0.25426309  8.84580882  0.26331550  6.50567443  
0.17863319  6.20524572  0.22821455  5.61598988  
0.26808231  9.38480647  0.27160636  6.75683497  
0.23558281  8.20848860  0.27502165  6.79312156  
0.13224376  4.60535402  0.25461944  6.26790578  
0.17058342  5.97524537  0.22589056  5.60685812  
0.15128302  5.24736773  0.20922390  5.13761688  
0.14088076  4.89621114  0.17956532  4.41697471  
0.21502082  7.41946297  0.23298254  5.70265522  
0.17553518  6.08351681  0.24498471  6.01559792  
0.12772359  4.43610801  0.20862851  5.12754991  
0.22066112  7.67256791  0.25322600  6.24812323  
0.15958094  5.51750055  0.21518436  5.26890864  
0.20832019  7.23611779  0.22263697  5.48535353  
0.25192632  8.79109887  0.27933825  6.92313747  
0.07524987  2.63774360  0.19532867  4.83846746  
0.18242570  6.36228041  0.21977552  5.43060432  
0.15155281  5.29678107  0.17447819  4.31748940  
0.22726788  7.93150260  0.26990714  6.68353719  
0.07994032  2.80035156  0.21558472  5.33707857  
0.15785212  5.50606124  0.21732092  5.36784054  
0.11992430  4.18659912  0.22975329  5.67293801  
0.14044670  4.94189584  0.23461621  5.85308882  
0.19058521  6.60046083  0.20686501  5.07601649  
0.16203478  5.68245651  0.20098252  4.99196594  
0.19054206  6.58755877  0.21656614  5.30643021  
0.16462946  5.75317316  0.25590803  6.33465112  
0.24342249  8.43876203  0.26001043  6.39871372  
0.18205999  6.37153474  0.26646728  6.61555782  
0.12177309  4.24138660  0.19339214  4.76719239  
0.18382662  6.39218506  0.20314037  5.00418855  
0.05953133  2.07702584  0.23802688  5.86726605  
0.22027772  7.62218586  0.22814333  5.59918947  
0.19878165  6.88796715  0.22461807  5.51695270  
0.11678550  4.07559226  0.21402076  5.28112210  
0.17389481  6.11055953  0.20027142  4.98504873  
0.09292388  3.23592667  0.17966342  4.42292717  
0.20522262  7.17026724  0.27104307  6.71658560  
0.15494349  5.40447508  0.16218255  4.00513299  
0.15679271  5.48434237  0.20203884  5.00242000  
0.05589558  1.95143065  0.17280152  4.26405847  
0.27688479  9.68722765  0.29403588  7.31664430  
0.17385738  6.04707283  0.15597517  3.84358022  
0.07748843  2.70601970  0.15790876  3.90020816  
0.22658895  7.89700784  0.23936568  5.91929522  
0.18368448  6.42367411  0.20126489  4.98785873  
0.06306225  2.18824547  0.19485111  4.78405660  
0.11799307  4.13647943  0.27739615  6.88994998  
0.12075513  4.19183658  0.26783409  6.58421237  
0.21210604  7.42944863  0.27890593  6.93491567  
0.14995201  5.20860544  0.19426889  4.77938412  
0.09681401  3.39892056  0.18790712  4.66965487  
0.07179855  2.48706582  0.20396569  4.99602582  
0.07766058  2.71269934  0.20501577  5.06531350  
0.11439245  4.00255176  0.22540792  5.58153723  
0.07905061  2.76623687  0.19873675  4.92082425  
0.10053809  3.52364694  0.21827097  5.41289903  
0.17039544  5.96750009  0.23194793  5.75485275  
0.23877548  8.33576857  0.23117223  5.72886665  
0.10002144  3.48835826  0.15273469  3.76975072  
0.08008647  2.81336903  0.19864579  4.94123653  
0.09141488  3.19814062  0.19585974  4.84546040  
0.13618653  4.73699686  0.16395695  4.03814768  
0.07129975  2.46593318  0.22457457  5.49363131  
0.17650218  6.10371131  0.24349723  5.97032091  
0.16415621  5.66867808  0.23520675  5.75387551  
0.08067050  2.79586795  0.27035228  6.63286938  
0.07967097  2.74393384  0.12187031  2.97001254  
0.16094308  5.55786225  0.26891554  6.57917262  
0.21775717  7.50302398  0.20444134  4.99780494  
0.19887479  6.95332941  0.23892323  5.92323167  
0.16459156  5.76154772  0.17216829  4.26733607  
0.20255367  7.07574163  0.24610770  6.09633455  
0.15351532  5.36975872  0.16255246  4.02560816  
0.22669623  7.90877962  0.27694438  6.85430583  
0.13431750  4.71943262  0.16542039  4.11435672  
0.20795584  7.25439929  0.26735567  6.61254604  
0.11508434  4.03871047  0.17876689  4.43878834  
0.05466944  1.91172504  0.16782060  4.15258192  
0.08407307  2.93446161  0.17532794  4.32912575  
0.18945732  6.60271726  0.21261007  5.24751525  
0.15384214  5.41348719  0.20293294  5.05874023  
0.23422522  8.17500493  0.24659634  6.10999973  
0.09859483  3.45082269  0.12244601  3.03226473  
0.18525438  6.45231272  0.16378704  4.04093055  
0.10305688  3.62507128  0.20973004  5.22156780  
0.14158250  4.87813070  0.17865705  4.35755484  
0.13264799  4.57220601  0.19431120  4.74239218  
0.12218435  4.24131911  0.19402031  4.76765373  
0.13459378  4.67445516  0.23598443  5.80213408  
0.11426215  3.94757456  0.17228213  4.21325586  
0.23079463  7.96855798  0.23523860  5.76379919  
0.07555854  2.60668111  0.24541737  5.98612918  
0.10086464  3.50283603  0.15903959  3.90879742  
0.23526422  8.16808207  0.26344729  6.49124978  
0.17436908  6.06398450  0.19351265  4.76742091  
0.12868863  4.48084270  0.13967674  3.44232798  
0.11735804  4.07661920  0.18700752  4.59497977  
0.20012839  6.96024456  0.22576716  5.56393066  
0.21369444  7.44989170  0.21696692  5.36290080  
0.18642825  6.50804280  0.24508194  6.05945756  
0.09592334  3.35475352  0.18398559  4.55049887  
0.12871120  4.48535255  0.21191706  5.22608285  
0.16420736  5.76664105  0.18964171  4.71847496  
0.07999919  2.77529730  0.16746196  4.10753704  
0.10294528  3.60337475  0.12671018  3.13824014  
0.16730532  5.81732552  0.15952572  3.92913445  
0.09646943  3.39120894  0.17211087  4.27895570  
0.15942925  5.51720010  0.14648781  3.59061579  
0.09005459  3.14974565  0.16793267  4.15726551  
0.16888745  5.92374584  0.24377934  6.05557441  
0.10087127  3.54515882  0.22631119  5.62348983  
0.22303523  7.81225349  0.24338451  6.05097513  
0.11039627  3.86825590  0.18820958  4.66522055  
0.18105384  6.25634169  0.20442723  5.00452406  
0.16239571  5.63172366  0.23279682  5.71916443  
0.21318085  7.39598098  0.22107292  5.43990808  
0.24617833  8.53813231  0.27023604  6.65482902  
0.12620552  4.39303182  0.16630773  4.09810054  
0.12524997  4.36892756  0.21636520  5.33994085  
0.12900353  4.47161046  0.16060904  3.94029777  
0.11753716  4.08637808  0.20699104  5.09179338  
0.07031751  2.47357903  0.18691778  4.65318632  
0.16856866  5.89133854  0.24631067  6.10434743  
0.21853269  7.61516660  0.24198751  5.98229961  
0.16655715  5.77921872  0.22922145  5.63076081  
0.16766916  5.87029295  0.21288657  5.27718916  
0.19651636  6.88065025  0.21595615  5.36067042  
0.18690286  6.52595141  0.23327758  5.77666331  
0.24371063  8.50593540  0.22715453  5.62729532  
0.17670586  6.15113830  0.20659475  5.09498363  
0.17905196  6.22825720  0.22695745  5.59095776  
0.17323228  6.02147739  0.18946603  4.66378527  
0.16627760  5.78135477  0.14931985  3.67797103  
0.16031116  5.59530593  0.23323634  5.76211448  
0.18609499  6.52719827  0.17093234  4.24838132  
0.10485759  3.65702420  0.25139891  6.19763228  
0.31380331  10.9781633  0.28718716  7.15741240  
0.17800441  6.20170416  0.24592004  6.07240703  
0.18056316  6.28949815  0.29888380  7.38531078  
0.07322925  2.53798925  0.13556541  3.32219914  
0.17615817  6.10325719  0.18914744  4.64335023  
0.06624499  2.32454830  0.22155402  5.49359001  
0.10630196  3.73567435  0.20842754  5.17701072  
0.18381373  6.43889954  0.23579596  5.85415279  
0.08920456  3.13466989  0.19005012  4.72320581  
0.11765161  4.09442006  0.15441973  3.80342287  
0.20595202  7.16438601  0.20461668  5.04489302  
0.15673369  5.40352564  0.21636067  5.28286709  
0.18006196  6.23270465  0.18570418  4.55573325  
0.12422789  4.35283630  0.18537520  4.59522203  
0.12632531  4.40938590  0.18642791  4.60375854  
0.17217323  6.02166964  0.16140375  3.99902906  
0.08224698  2.86954210  0.18570359  4.58028881  
0.14072586  4.89864056  0.16641903  4.10114804  
0.15521030  5.40200771  0.16660737  4.10599689  
0.19547342  6.81210270  0.19618533  4.84713175  
0.11657029  4.07083828  0.16592032  4.10030146  
0.09001757  3.13012729  0.13851376  3.40806039  
0.22958256  8.04472551  0.29724506  7.39323408  
0.13308389  4.61304903  0.18942184  4.64648328  
0.12444274  4.35132364  0.24853697  6.14495685  
0.13279680  4.59211249  0.24556819  6.00798670  
0.14321597  4.98270877  0.22050600  5.43598242  
0.11609495  4.01449276  0.14247840  3.48537405  
0.20198093  7.00769351  0.25341924  6.23584074  
0.19590856  6.82967963  0.25998541  6.42200601  
0.11595295  4.01712499  0.24035280  5.88672787  
0.05227168  1.82925547  0.19690704  4.87070886  
0.16686857  5.82589758  0.18638598  4.60979732  
0.20708141  7.17056056  0.26028290  6.39205283  
0.07470927  2.59032255  0.11603756  2.84605712  
0.15016628  5.22277551  0.17200209  4.23709502  
0.21448699  7.43980548  0.27022951  6.64687609  
0.09213088  3.18610903  0.15050327  3.68195086  
0.08859801  3.09083599  0.16108603  3.97460751  
0.04854724  1.68452323  0.14667813  3.59872936  
0.15814712  5.52221804  0.23209243  5.73777188  
0.09347123  3.25276713  0.23167571  5.70070357  
0.16420346  5.73645059  0.29148315  7.20580299  
0.20786791  7.23677517  0.20574142  5.08000556  
0.12141162  4.24501119  0.20584825  5.09065754  
0.21266450  7.43340766  0.23875171  5.91632756  
0.08359984  2.93376667  0.22980140  5.70125148  
0.26051685  9.09974804  0.26617240  6.60487784  
0.17900811  6.29364052  0.18632613  4.64176552  
0.26084253  9.05733491  0.24824578  6.12385257  
0.17391805  6.06033898  0.17870505  4.41338330  
0.17524378  6.09000749  0.22217362  5.46991210  
0.17682177  6.16180858  0.18612839  4.59494414  
0.20504304  7.13396571  0.21630921  5.33779000  
0.08178404  2.84273966  0.25660878  6.29876613  
0.15337915  5.31160559  0.17690868  4.33759220  
0.19146618  6.66602832  0.25296379  6.24695836  
0.25226070  8.76918175  0.27137371  6.69873810  
0.10797452  3.76788238  0.18891821  4.66509341  
0.19449660  6.74947506  0.20174309  4.96107397  
0.15874326  5.54467192  0.20118711  4.98025102  
0.08036926  2.79304801  0.24722589  6.07078851  
0.13389607  4.67314514  0.19630294  4.85016104  
0.10884076  3.79675298  0.20976638  5.18231629  
0.17872963  6.24181401  0.24380442  6.03251938  
0.14756548  5.15394553  0.24286947  5.99938563  
0.13594929  4.73374685  0.21892079  5.39643259  
0.25430230  8.86957639  0.28185703  6.97854829  
0.16411972  5.70165312  0.20626905  5.07501874  
0.11924993  4.15699163  0.27122360  6.68442294  
0.18439075  6.45156223  0.25240139  6.25629903  
0.17548734  6.14339577  0.19047643  4.72556875  
0.09464277  3.31220637  0.27137396  6.72254551  
0.10595313  3.66825428  0.18468790  4.52426915  
0.21751586  7.54190423  0.18960733  4.66236945  
0.21608818  7.47267154  0.21644170  5.30962024  
0.09282539  3.21263328  0.17312978  4.23950494  
0.15693902  5.41439657  0.22156900  5.41457127  
0.12900202  4.48342798  0.22115850  5.44021781  
0.15411683  5.38181561  0.19806181  4.89829457  
0.19420645  6.82222440  0.24361763  6.06616950  
0.21294720  7.35359920  0.21169772  5.18444268  
0.20000901  6.93814286  0.24779474  6.09260157  
0.12066907  4.20222979  0.19125078  4.70994772  
0.14040621  4.91749308  0.17715705  4.39148442  
0.09371388  3.26415535  0.16958780  4.17993541  
0.09651518  3.36088521  0.23447377  5.78057692  
0.11185531  3.87185318  0.13653579  3.34397256  
0.15051436  5.22092726  0.17510418  4.30153955  
0.17922138  6.30264467  0.22505676  5.61154093  
0.07662729  2.68905532  0.22793109  5.65976207  
0.11572544  4.06227223  0.22522643  5.59813969  
0.10545378  3.70552636  0.20226983  5.03002221  
0.12237266  4.25727495  0.19349185  4.76446716  
0.24840167  8.61406603  0.23194159  5.71228344  
0.18944627  6.57259947  0.15642341  3.84573099  
0.09391746  3.26148418  0.09929045  2.43896024  
0.04900563  1.69840257  0.30168952  7.37694687  
0.23657426  8.23931123  0.19939305  4.92690143  
0.18846223  6.55280308  0.23971682  5.90840472  
0.08878215  3.09125752  0.23747654  5.84698332  
0.15560347  5.37528651  0.25962163  6.35358577  
0.11286530  3.89654669  0.20545618  5.02022139  
0.20748219  7.25738781  0.24595147  6.09793145  
0.21162300  7.38634892  0.23364537  5.78229154  
0.18952957  6.58381472  0.19947585  4.91017683  
0.18117655  6.27195438  0.22546579  5.52755939  
0.14377650  5.05423828  0.22123617  5.51164803  
0.11348723  3.96821078  0.22212822  5.49286129  
0.05995930  2.08540501  0.18190846  4.47318909  
0.06532760  2.28266054  0.25214987  6.23551549  
0.13900531  4.83795353  0.17880682  4.40592560  
0.02588302  0.90282843  0.20380847  5.02874796  
0.11629518  4.03617370  0.19264574  4.73045834  
0.15341018  5.32758860  0.16948706  4.16909574  
0.02555343  0.89057365  0.15832398  3.90372526  
0.14445321  5.01235040  0.20323459  4.99202372  
0.13266878  4.58677689  0.27651009  6.77187784  
0.11164882  3.85690533  0.25321973  6.19344128  
0.04929488  1.70394490  0.24525919  5.99570938  
0.06999832  2.41722114  0.23193540  5.66565772  
0.05048025  1.74470275  0.24998451  6.11051583  
0.07869771  2.71754098  0.23855774  5.82783880  
0.12931733  4.47000310  0.27467526  6.72500298  
0.10981796  3.79330016  0.24860964  6.08007273  
0.13323558  4.65766069  0.20957609  5.18373224  
0.28118373  9.75523203  0.28486058  7.02606240  
0.25551976  8.94738956  0.25546528  6.35614782  
0.16856736  5.82006583  0.17015495  4.16137309  
0.12156480  4.26998122  0.19991479  4.96741543  
0.14896002  5.19641265  0.15549833  3.84134486  
0.18712166  6.56965329  0.20994137  5.22383801  
0.07325267  2.53378056  0.14289089  3.49526687  
0.16208899  5.65786114  0.22843884  5.64641163  
0.12461050  4.34733775  0.19633746  4.84870497  
0.12141666  4.23648658  0.20449267  5.04883500  
0.16206560  5.63536958  0.18766154  4.61997522  
0.21555321  7.53371762  0.20644612  5.11571857  
0.16691552  5.80879474  0.17179661  4.23426291  
0.16604997  5.81500053  0.18982853  4.70886139  
0.13013402  4.52755705  0.16533699  4.07335382  
0.23608785  8.23694047  0.20138449  4.98638622  
0.19338578  6.66122389  0.24549106  5.99200011  
0.10753712  3.77070854  0.23425011  5.80715630  
0.15955285  5.52886143  0.19725332  4.83857602  
0.20258966  7.01879119  0.22547114  5.53976481  
0.19697400  6.78895566  0.21152765  5.16750463  
0.18738430  6.53327035  0.26195812  6.47276061  
0.11587849  4.00878967  0.19052667  4.66389237  
0.17134779  5.92603660  0.19281008  4.72391201  
0.24975494  8.76903372  0.22849943  5.69429297  
0.16514591  5.71730738  0.20606543  5.05433490  
0.23759216  8.32975774  0.29326424  7.29268318  
0.19254340  6.66099050  0.26131802  6.40836116  
0.18464280  6.45207930  0.30106862  7.44763397  
0.22717609  7.86786195  0.18984493  4.66492459  
0.25498464  8.89995130  0.25126764  6.22558071  
0.14877713  5.15737829  0.20694447  5.07811078  
0.14479131  5.07052951  0.28887049  7.15159181  
0.24963341  8.68843552  0.25952280  6.41225922  
0.18345019  6.44274810  0.20135638  5.01284488  
0.11030690  3.81085004  0.17859113  4.36687456  
0.22310698  7.80299746  0.25756078  6.38521312  
0.12481422  4.33409717  0.20840185  5.12203348  
0.04282960  1.50270651  0.25590742  6.34872268  
0.16317755  5.70651064  0.25133534  6.22972813  
0.22832347  7.95639860  0.25777717  6.37060360  
0.05119676  1.78467606  0.26241235  6.46664366  
0.14404863  5.01809716  0.24602800  6.07410550  
0.09060401  3.15686249  0.25472250  6.27690524  
0.15298430  5.30525421  0.23171207  5.69515499  
0.17609066  6.12118855  0.27011548  6.65336165  
0.09915919  3.42282706  0.19514135  4.76650522  
0.10299923  3.59996161  0.19564286  4.83475072  
0.05320636  1.84956901  0.13247673  3.25696702  
0.12658209  4.40897510  0.19890040  4.90285012  
0.10829411  3.76347679  0.14394470  3.53927784  
0.19928968  6.96552694  0.21785524  5.40008640  
0.07876718  2.72258656  0.24108409  5.89501289  
0.18178557  6.33494367  0.19257333  4.75477185  
0.10497359  3.63902999  0.16383543  4.01746766  
