5.398495670057594
5.826962676298086
3.8288566871608527
5.0277341986607125
2.7251728780731117
2.9072504869800584
5.177022973707146
4.467411258580144
3.07324466170651
5.325394090948573
4.833965347347412
5.572982024495914
6.462129268970336
5.7922799831478065
5.9097827117227855
5.408862998158015
6.330722923534634
3.3966286208467213
8.195061426193874
4.1427286336446585
3.4299342252989247
4.236479601059149
3.3058023557504206
3.76248181831654
3.573142129906941
5.090010466719096
4.4645795305688765
3.6141772575346502
6.839894827757102
5.577490485325885
3.9447656824116186
7.184297295129062
3.3505975791042566
5.114222345820745
5.80274372352324
2.8621406381856875
4.0449033405525325
4.019820372456358
3.37321240865531
4.85018012850144
8.65190462366039
4.03356067772496
3.562954997937206
4.024277795963176
4.748077701350626
3.7776434064401223
3.027272203020539
6.062232501323326
2.941375694941122
5.454047952448767
6.664734913026456
5.918609304386053
1.9948800287276156
4.747913467885812
4.252251846629816
4.708817350587866
3.5767592769334007
1.5842992337851856
3.5566170449167442
4.9505092130782415
3.4503116697198823
2.04780810746915
1.5322650992227302
4.457554682056572
3.504240605519356
4.3659738674632464
5.13623814619228
3.8541542429775464
6.2466106341484675
4.529392825111129
3.7884894347179303
1.91026834228007
3.4218677302384606
4.599906413577215
5.318079106464799
5.070156193196372
4.991791624772641
2.4845767657130224
3.4753764623317682
3.762591674787771
4.5343288854387405
4.127419232506017
5.739459701076916
4.604735552559751
4.2202528045698555
4.528993620356812
3.844681549618759
2.6163770583047725
7.0487243976233325
4.325327506719923
3.8104472424009486
4.479717815131168
3.831000011454725
4.98343150332669
3.1555143189427364
2.224759856065422
5.690038591407211
3.801309506869023
5.356218146314034
5.138815391506024
3.1805496146032306
3.639452327125952
2.8764553594145585
3.3280860084706605
4.576033464134013
9.539459797707673
4.262048795017742
7.100389118110486
3.1898724456407495
4.81297288541272
4.800109933349168
4.005737644863855
4.237633754133756
6.4764536766764005
4.759294243278728
4.309577035034561
2.393776604611778
3.885581669879636
4.339253970414947
4.198253816707151
5.349874934780894
5.941813394113519
4.613568297955948
2.9023656113454166
3.0694271646471076
6.322361619079672
1.5341298029841584
6.520243068973229
8.53599615282542
4.062186167526734
4.209166321031416
6.022193582403536
5.3458843848268405
4.804212258040208
4.203724369864534
8.577529004346754
4.5615745685856455
5.828195071139195
2.951455535549602
5.989477917005077
3.0692079951326963
5.439798031657467
4.717837191531203
6.258601044197073
4.119021160657631
2.9063596887717646
4.4048637276119145
3.4500878536329234
5.2357899162508055
2.6445693296925086
4.129748774009856
5.257514498644811
2.3045471052492568
4.139391537002971
9.342895477641175
4.282691590328893
2.683077549345459
4.826849310839702
4.125915393838829
3.298127586697243
5.4647602697166
4.2415866871414725
5.493813357429258
2.6444339154870184
5.388583213155113
4.635022272550716
3.082618948675161
4.809096510325466
4.440006932784643
2.71996804267035
4.735112022754034
3.455536849845508
4.390304915380227
4.660134672763554
2.4941856825961546
4.89974563032787
4.441369152850878
5.209884008356031
2.4601495358393217
3.372348532840765
2.502497929160609
3.5805656105431276
2.966410721711048
4.375238643403
5.2785327422867265
5.359092646100755
3.773773743884454
5.314083259745903
5.191777475169314
7.975865528828502
3.5789319107830164
3.887111278434481
1.6452066891796064
5.398453763204776
4.527831216606136
4.388109662110143
7.48332589031799
6.787176396140968
2.682764188827242
5.038389811171696
