1.03674776991
1.03638062186
1.00785023233
1.0378046905
1.05184241127
1.03887775448
1.01729188421
1.05712518115
0.94168232468
1.01030188274
1.05013924394
1.02196466295
1.01909250962
1.07255653316
1.01007774466
1.05740630399
1.03080647003
0.978354230215
1.08578633882
1.01500531658
1.01661513252
1.04240983434
0.953343157544
1.03029172123
1.05159771965
1.05273832086
0.992591031775
1.0209113717
1.0486902993
0.991529249854
0.993641758117
1.02309206025
1.05119911211
1.03193083708
1.06746402801
1.04176924051
1.02528799551
1.00493176093
1.04295005411
1.02066366551
1.08041163458
1.05370222974
0.995683693155
1.01418403398
1.0177413412
1.04568433003
1.01497641686
1.00450648289
1.05024728502
1.06144165349
1.01047788968
1.05475610706
1.03033523121
1.00773228839
1.04693605816
1.07108772625
1.0083693707
1.0105245109
1.01803857536
1.05347722731
1.04311270297
1.0525944653
1.00409358327
1.05621740753
1.03945778959
1.02996787332
1.03945519327
1.02571278422
1.01717839933
1.04098042413
1.0322226434
1.03812888547
1.02699123672
1.03569566687
1.04469349748
1.04811496438
1.06295716123
1.02796087568
1.02396952862
1.04236067579
1.01169902976
1.02096651295
1.01733701797
1.06181311167
1.01857982458
1.04045301522
1.03446014373
1.04472260295
1.01848401606
1.04742982465
0.996112894041
1.04453897271
1.02909171006
1.06410008179
1.0380516996
1.06167623809
1.01204311924
1.03389497693
1.06711520466
1.05767185678
1.0480828027
1.02077763862
0.931127232665
1.03906663143
1.04042038189
1.06765114238
1.03939505007
1.06243632953
1.05428705346
0.954953822965
1.05622331933
1.03029146593
1.02315435613
1.02760862573
1.0183467633
1.04976537637
1.0444398085
1.03694971867
1.02025393577
0.995385340646
1.06010853491
1.05593412515
1.06560482881
1.05083593025
1.04159288548
1.06115317965
1.0673550719
1.0476287632
1.03557285615
1.01325772043
1.07421851492
1.00928219023
1.03344888335
1.05477718737
1.05042616929
0.986722042207
1.00081465894
1.03495341232
1.05716443247
1.04190063481
1.05107270793
1.05313720143
1.03591122064
1.04109969327
1.0388061103
0.965868941546
1.04170056103
1.06961687606
1.04278583479
0.977665278216
0.989263892145
1.07166767683
1.02255236071
1.07502342959
1.04673246789
0.991288496692
1.02788808656
1.05540358178
0.979992824624
0.951390108653
1.04154661022
1.01572673427
1.04573012876
1.04056616973
1.04794446378
1.0353093195
1.00943314181
1.00372457976
0.975009479651
1.00711353736
1.06744211017
0.943034448786
1.06808776803
1.02789263859
1.06363297894
1.05449136865
1.03976609483
1.06522161283
1.03609699511
1.05794347627
1.0395535627
1.03896047014
1.02956724833
1.05077619348
1.00172466586
1.08307361783
0.996740591494
1.01994954291
1.04215737368
1.00756434189
1.02959216528
0.995714384423
1.04443958363
1.0608673953
1.07706082709
1.01647381729
1.06240966595
1.04971576872
1.0249535321
1.0432132231
