0.21327487460446132
0.18986141471824125
0.22489987918100532
0.23356170130504417
0.21855597088503173
0.23486812087329523
0.19546702457249
0.2183418354170523
0.24209318643004646
0.20529109305162913
0.23629988215937675
0.22121586313566619
0.2061242547490697
0.18459857697399304
0.20815081437278862
0.19243851551562827
0.22658998033544267
0.21307224817189457
0.20628147941289232
0.22949548487766008
0.2049862620070529
0.22413514173509108
0.2049188967296839
0.1724925745990142
0.21369209558991037
0.20561316573129634
0.2403811412271214
0.20975378689710036
0.19756599637172845
0.24333042339036526
0.21907114501476654
0.18496191354958302
0.19158272022414702
0.1977948888422306
0.20831960957473777
0.20721881338927892
0.2350478934449818
0.20200157194805465
0.2100819587425195
0.25065291845946003
0.19314278885089636
0.18481209210179014
0.22497257446779467
0.20757946621046852
0.20992032947900918
0.20896883649607312
0.22566429817103967
0.21880522353197515
0.21062774986156924
0.21244443701830218
0.21806888722720497
0.20583926376093398
0.2023576303822653
0.20980449194392758
0.1964767520343118
0.22119645343619188
0.23102966703287653
0.24157382208354972
0.20950291478984945
0.20293370478026534
0.1674636551837228
0.18167329466439186
0.22471615162027944
0.21529071721577892
0.2129820306129737
0.17383596013796523
0.17090847042967303
0.19557640042092883
0.1993654300097571
0.2052359634954405
0.22988981430869657
0.2503685577155503
0.23287803640853885
0.2224434523680014
0.2300823600275611
0.22218035728934815
0.22399181748391772
0.2128946143956712
0.18295882035762812
0.21852324627153208
0.2544941507961299
0.18485978389741653
0.21850971946643133
0.21715080490556216
0.20921709983829595
0.19750749517529703
0.19820082693698435
0.2204889864429749
0.2265921853025043
0.17855226868444946
0.23368330967771658
0.2290566660783075
0.21145759836118275
0.19901350207806032
0.22102755884168787
0.25999675951179824
0.22116465663751447
0.21111463034072214
0.17896248523140512
0.1967023119525116
0.21989659922753413
0.21500353819428403
0.2202953082413463
0.2459869942523513
0.2046338769583519
0.19050798667519897
0.18261346265599843
0.23277797550009005
0.21463797243819466
0.20389792030122855
0.17092434143561974
0.22149392207994545
0.22678497081259996
0.1815372683960777
0.18708055169795168
0.19088049973815568
0.1963109128101116
0.19094790034694603
0.17394442390473455
0.25356101487774774
0.2138546941725948
0.22251583878097508
0.22673620927404545
0.2271935126192816
0.20187017717805322
0.19187248842515478
0.22767544666404793
0.19846966356090046
0.20429262755414287
0.1867700190792519
0.23415635330836904
0.21817481521653406
0.20169064295591563
0.22905574904300224
0.17189154962697256
0.19513460704136
0.2350669898884705
0.20065791071905073
0.21654086700706876
0.1834546726399622
0.2398994677225816
0.22905794698207316
0.20975923014741737
0.18994407012014008
0.24629727046525318
0.23167027905950288
0.19666093853116773
0.2236432427000697
0.21356103956810243
0.22834823185379804
0.20999429398116068
0.18914009711119614
0.24051413793533993
0.21033616620965181
0.19841992105946338
0.2234087008709411
0.25266897248908793
0.1820110692782994
0.2142952978131515
0.20496032933090397
0.2419851577405747
0.22080404373177837
0.2251858444900252
0.22935097487645356
0.21986591949662632
0.19819666625421067
0.2262680986380478
0.20659700849058832
0.2166018758810322
0.21352988097875836
0.18765637783678782
0.20186883873159667
0.20693073154547553
0.16772350241867212
0.2287772073007845
0.20683880781384117
0.20770161803131085
0.22653393687653378
0.202116118692598
0.17675531712999407
0.2169611864536527
0.2127729173442768
0.20313855259630412
0.21953806521809682
0.2207515773001252
0.23087700254302884
0.21866776478678285
0.21403840983773229
0.19952320942799007
0.20742790765488314
0.22662258968758398
0.19254562990353205
0.25234394969636614
0.20353779084692467
0.1937923517918364
0.22098282530071678
0.24051730484882994
0.23214442169996674
0.24615553710039587
0.18578910302455381
