0.87585987
1.69975006
0.97977007
1.24016446
0.92968015
1.57033578
1.56291732
1.52195993
0.63616519
1.20331960
1.44256066
1.77494827
1.57771781
1.53621601
0.96915686
1.59602579
1.38850029
0.86121787
1.60099448
1.14638222
1.33078223
1.28297518
0.62469178
1.60342276
1.29711977
1.64745847
1.15012539
1.02787678
1.28232236
0.99598676
1.33336872
1.36400658
1.59606922
1.41199726
1.61994511
1.26217014
1.48623865
1.09864406
1.54128355
1.04544021
1.50264557
1.66202603
0.83260432
1.32758978
1.10114024
1.69587737
0.94225565
1.03834397
1.12193428
1.25645403
0.83255597
1.37149301
1.22086219
1.53036562
1.48404956
1.25591358
0.97656587
1.02244744
0.64779348
1.75913478
1.68659828
1.62292596
0.94223769
1.49852463
1.10958709
1.74942937
1.68874536
1.31543421
1.06892341
1.24031203
1.63651691
1.37773923
0.92951670
1.10136908
1.29170679
1.22938461
1.46254198
1.42038867
1.14616581
1.82343141
0.80461566
1.51856931
1.60852778
1.16195618
1.56842431
1.78975016
1.60378689
1.44647231
1.55148229
1.73048019
1.11007637
1.28159713
1.15327438
1.40896901
1.24970577
1.34170961
1.24316197
1.33162436
1.51829465
1.56357483
0.89963183
1.22059303
0.69604883
1.17539270
1.61406666
1.44446763
1.09461858
1.12829031
1.36723941
0.78206115
1.59199724
1.41740659
1.58115659
1.53387101
1.32376956
1.29033375
1.30914927
1.65179631
1.46061408
0.60374243
1.24908677
1.44106282
1.31563097
1.33772137
1.25860344
1.27944566
1.10390718
1.45517661
1.77491718
0.87695488
1.72310430
1.31822928
1.67467598
1.32939134
1.57309264
0.99612822
0.63785912
1.53038114
1.15138333
1.54681626
1.06646800
1.25976048
1.61722621
1.78515568
1.35324685
0.79919477
1.35454190
1.20217138
1.41971744
0.74196386
1.71260106
1.35229090
0.83397675
1.50429441
1.81947388
0.84156071
1.12060853
1.47921238
0.79904130
0.74524374
1.32789241
0.82859331
1.71488217
1.47144267
1.37833407
1.56205651
1.47898306
1.88172556
0.61917685
1.85441969
1.89503324
0.63290525
1.27698507
1.58603595
1.50705163
1.42473804
1.44029062
1.38519208
1.58653174
1.51317576
1.10123887
1.10494685
1.27691517
1.59652564
1.15019904
1.37775613
1.21243199
1.28140422
1.79358664
1.04651078
1.32297830
1.20576091
0.55692543
1.47940610
1.41506497
1.00932128
1.31905174
1.50540129
1.16484549
1.20279641
