   -1987.21663561 
   -1987.21462483 
   -1987.22182707 
   -1987.21389270 
   -1987.21656003 
   -1987.20771937 
   -1987.21453254 
   -1987.21114080 
   -1987.21807407 
   -1987.20360095 
   -1987.21146960 
   -1987.20406222 
   -1987.20817847 
   -1987.21978489 
   -1987.21349964 
   -1987.21540060 
   -1987.20805478 
   -1987.21398319 
   -1987.21393542 
   -1987.20825036 
   -1987.22143061 
   -1987.21457654 
   -1987.20845894 
   -1987.20933522 
   -1987.21679554 
   -1987.20600379 
   -1987.21364678 
   -1987.21870770 
   -1987.20853158 
   -1987.21185541 
   -1987.20904212 
   -1987.21093009 
   -1987.21909919 
   -1987.20719955 
   -1987.22349010 
   -1987.22540738 
   -1987.20505203 
   -1987.21804795 
   -1987.21673513 
   -1987.20796364 
   -1987.21286795 
   -1987.21804448 
   -1987.21540401 
   -1987.20915906 
   -1987.21692212 
   -1987.21150552 
   -1987.21760472 
   -1987.21257800 
   -1987.23020211 
   -1987.21920038 
   -1987.20993845 
   -1987.21232168 
   -1987.21789977 
   -1987.20255972 
   -1987.20852498 
   -1987.21567293 
   -1987.22538454 
   -1987.21384261 
   -1987.22390106 
   -1987.21305470 
   -1987.21608355 
   -1987.20921271 
   -1987.22239116 
   -1987.22447032 
   -1987.21574164 
   -1987.20823188 
   -1987.21371066 
   -1987.20844117 
   -1987.21792389 
   -1987.20973523 
   -1987.21088935 
   -1987.22038719 
   -1987.21661870 
   -1987.21950974 
   -1987.21567741 
   -1987.21559060 
   -1987.21431531 
   -1987.21957438 
   -1987.22124490 
   -1987.21094897 
   -1987.21762348 
   -1987.21197075 
   -1987.20886727 
   -1987.21800436 
   -1987.20810943 
   -1987.21468211 
   -1987.20424918 
   -1987.20925230 
   -1987.20624950 
   -1987.20844047 
   -1987.20827926 
   -1987.21146377 
   -1987.21180608 
   -1987.21269590 
   -1987.21901638 
   -1987.21005595 
   -1987.21076538 
   -1987.21743810 
   -1987.21636600 
   -1987.22088478 
   -1987.22165894 
   -1987.21705225 
   -1987.22159519 
   -1987.22629158 
   -1987.20902183 
   -1987.21604646 
   -1987.21533755 
   -1987.22266029 
   -1987.21609785 
   -1987.20327105 
   -1987.22341487 
   -1987.21296996 
   -1987.21680717 
   -1987.20150768 
   -1987.21147438 
   -1987.21586316 
   -1987.21584478 
   -1987.21094904 
   -1987.21830822 
   -1987.21387870 
   -1987.21727832 
   -1987.21215284 
   -1987.21539366 
   -1987.21920471 
   -1987.21606388 
   -1987.21460012 
   -1987.21749691 
   -1987.22202825 
   -1987.20895848 
   -1987.22009057 
   -1987.20216693 
   -1987.21893812 
   -1987.20841115 
   -1987.21602172 
   -1987.21623018 
   -1987.21230575 
   -1987.21854812 
   -1987.20983172 
   -1987.21445686 
   -1987.21414695 
   -1987.22184439 
   -1987.21285359 
   -1987.21233053 
   -1987.21665187 
   -1987.20571821 
   -1987.21829057 
   -1987.21573243 
   -1987.21854787 
   -1987.21333977 
   -1987.21677812 
   -1987.19941909 
   -1987.21576088 
   -1987.22565702 
   -1987.21015293 
   -1987.19944674 
   -1987.21266526 
   -1987.22615233 
   -1987.21782517 
   -1987.21173834 
   -1987.21901433 
   -1987.21032616 
   -1987.21560976 
   -1987.21063701 
   -1987.21026648 
   -1987.21655778 
   -1987.21608729 
   -1987.20996838 
   -1987.20322793 
   -1987.21289408 
   -1987.20151392 
   -1987.21063571 
   -1987.21123977 
   -1987.21568640 
   -1987.21232303 
   -1987.22154846 
   -1987.21288006 
   -1987.21276432 
   -1987.21114327 
   -1987.21804281 
   -1987.22188476 
   -1987.21594305 
   -1987.21830506 
   -1987.21293845 
   -1987.22318460 
   -1987.20944275 
   -1987.21240555 
   -1987.21833360 
   -1987.21726352 
   -1987.21568590 
   -1987.20924670 
   -1987.21718927 
   -1987.20336571 
   -1987.22909133 
   -1987.21811609 
   -1987.21710134 
   -1987.22770268 
   -1987.22018495 
   -1987.21216215 
   -1987.21014452 
   -1987.21384324 
