-5.42874755915
-5.47939768276
-5.39766088058
-5.40198168106
-5.43681524988
-5.45317008631
-5.36062460328
-5.41229973185
-5.3883635188
-5.38177542764
-5.38823319974
-5.4710374766
-5.37172509387
-5.44606973926
-5.397521358
-5.40707225923
-5.39867188443
-5.39376234129
-5.33252196947
-5.37095296596
-5.46069859338
-5.38375372417
-5.35679373383
-5.47568616622
-5.45597341967
-5.48878016716
-5.41574532468
-5.37786324202
-5.40264856011
-5.38003971441
-5.46744113434
-5.38847895572
-5.47557864587
-5.42493128974
-5.40281274589
-5.42227012582
-5.3919673314
-5.43420127932
-5.42663383394
-5.4242962067
-5.42974391152
-5.4617810229
-5.41532338218
-5.44156229825
-5.43706203679
-5.44889823802
-5.43748622424
-5.36183997413
-5.39371785604
-5.39257161363
-5.32631932232
-5.38302465204
-5.46997440193
-5.48684927468
-5.53062904821
-5.39025404517
-5.35298724137
-5.44111753161
-5.45294369178
-5.4079597187
-5.50164469448
-5.55001375073
-5.45037414149
-5.42120836418
-5.41232688543
-5.45434093691
-5.36793703147
-5.4402529918
-5.41255676135
-5.38496408392
-5.40584391026
-5.47262878896
-5.46767077748
-5.36563888731
-5.31182268002
-5.3891289199
-5.3626828769
-5.41315637314
-5.50195989406
-5.44880753698
-5.3957691715
-5.48655566578
-5.4851084284
-5.35050699455
-5.49464399773
-5.3384604398
-5.50821662998
-5.39054558648
-5.37567504809
-5.41506013357
-5.34305244611
-5.42727107717
-5.40682578369
-5.46676793866
-5.45791814312
-5.37872397627
-5.39878003668
-5.39795211909
-5.4465580817
-5.46824492597
-5.45690636605
-5.43356375015
-5.4196371552
-5.39153589343
-5.35499140915
-5.39310792253
-5.47819138858
-5.321875093
-5.40148685764
-5.34786407698
-5.50415849313
-5.40842783015
-5.39057324264
-5.38736405684
-5.39886105779
-5.49365625208
-5.54026704573
-5.47767549106
-5.42656246509
-5.31073971029
-5.40838944444
-5.33553932855
-5.40935979982
-5.42866267525
-5.41110146249
-5.45112441922
-5.4314506554
-5.40141925745
-5.40933924302
-5.48766377361
-5.41219825034
-5.31623959543
-5.43597423576
-5.41604736404
-5.46555104667
-5.32613962713
-5.40879111128
-5.3686490168
-5.43044846162
-5.40269460314
-5.39126472725
-5.39853308937
-5.40825144191
-5.42108886368
-5.40845253966
-5.36250919349
-5.44699310417
-5.3884008172
-5.37791329265
-5.43923048086
-5.42419922238
-5.40532809153
-5.40374627687
-5.42682647362
-5.38029369793
-5.31963225649
-5.35310655558
-5.42164892176
-5.4465653134
-5.43129325022
-5.37569933587
-5.44969099491
-5.3399339468
-5.42327970751
-5.36451782577
-5.4765622647
-5.45895351469
-5.49942231019
-5.34979553778
-5.48232783402
-5.45822469341
-5.32952740944
-5.37721428812
-5.51686250749
-5.41432062393
-5.41967368733
-5.48511152827
-5.42306689178
-5.40607060487
-5.50202125471
-5.34618282973
-5.44229442283
-5.46081388968
-5.43180541941
-5.43815567357
-5.35574685339
-5.41873621942
-5.38534173234
-5.48129755627
-5.33600472111
-5.37369544003
-5.38992719104
-5.4671495815
-5.4229746012
-5.42147123794
-5.38979214529
-5.33931920115
-5.40686863443
-5.39693439078
-5.44343045559
