0.38461247 0.056452638 0.61899438
0.38451705 0.056429079 0.61734152
0.38531839 0.056384038 0.62064845
0.38522297 0.056360479 0.61899559
0.93170482 -0.75103678 0.69938373
0.9316094 -0.75106034 0.69773087
0.93241074 -0.75110538 0.7010378
0.93231532 -0.75112894 0.69938494
-1.2415204 -1.0000882 -0.088196098
-1.2409478 -0.43582462 0.26432182
-0.38469905 -0.95040873 0.54384462
-0.38412637 -0.3861451 0.89636254
-0.74377235 -0.026910034 -0.066698386
-0.74319967 0.5373536 0.28581953
0.11304903 0.022769483 0.56534233
0.11362171 0.58703311 0.91786025
-1.0576175 0.38305341 -0.091263513
-0.97388873 0.8312993 -0.38959496
-0.85224998 0.35033764 0.6301194
-0.76852119 0.79858353 0.33178795
-1.2708802 0.73347224 -0.074820185
-1.1871514 1.1817181 -0.37315163
-1.0655127 0.70075647 0.64656273
-0.98178388 1.1490024 0.34823128
0.36913037 -0.30327524 -0.67852465
0.40063416 0.13674365 -1.1306898
0.42941583 -0.25201941 -0.18668938
0.46091962 0.18799948 -0.63885456
0.48231576 -0.085273699 -0.53369902
0.51381955 0.35474519 -0.98586419
0.54260121 -0.03401787 -0.041863749
0.57410501 0.40600102 -0.49402893
-0.75639499 -0.94763933 -0.14555092
-0.81193532 0.0088273451 -0.27845774
-0.31672844 -1.0274159 -0.14709318
-0.37226877 -0.070949241 -0.28
-1.7661195 -0.64388008 -0.21338058
-1.8216598 0.3125866 -0.3462874
-1.326453 -0.72365666 -0.21492285
-1.3819933 0.23281001 -0.34782967
-1.5167634 -0.2642861 0.93371193
-1.5825659 -0.44238902 0.03011101
-0.99453823 -0.23075564 1.2921361
-1.0603407 -0.40885856 0.38853522
0.10513041 -0.73579902 0.94948974
0.039327973 -0.91390194 0.045888826
0.62735563 -0.70226856 1.307914
0.56155319 -0.88037148 0.40431304
-0.34873244 -0.44473255 0.92408321
-0.35509429 0.11581175 0.85034264
-0.92409004 -0.35839827 0.10537203
-0.93045189 0.20214603 0.031631464
1.1155191 -0.38921771 0.72430235
1.1091572 0.17132659 0.65056178
0.54016146 -0.30288344 -0.094408826
0.53379961 0.25766086 -0.1681494
0.18729285 -0.54970687 0.88393756
0.19925652 -0.686281 -0.45657413
0.39611924 -0.62806496 -0.064280694
0.40808291 -0.76463909 -1.4047924
-0.07377048 -0.26170461 0.89532101
-0.06180681 -0.39827874 -0.44519068
0.13505591 -0.34006269 -0.052897247
0.14701958 -0.47663683 -1.3934089
0.56449973 0.77904999 0.64591354
0.56985124 -0.77828394 0.6062761
0.21189768 0.77439952 -0.81921851
0.21724919 -0.78293441 -0.85885595
0.96779711 0.62625003 0.59843062
0.97314862 -0.9310839 0.55879319
0.61519506 0.62159957 -0.86670142
0.62054657 -0.93573436 -0.90633886
1.0232443 -0.19765365 -1.424429
1.1117874 0.11297949 -0.45334615
-0.76151321 0.053762495 -1.1555566
-0.67297018 0.36439564 -0.18447379
1.0687946 0.1936942 -1.3638204
1.1573376 0.50432734 -0.39273762
-0.71596298 0.44511034 -1.0949481
-0.62741995 0.75574348 -0.12386526
0.82563196 0.52936298 -0.62579674
0.77003328 1.1977738 -1.6555377
0.58753838 0.49566835 0.95837369
0.5319397 1.1640792 -0.07136725
0.3337277 -0.097671062 -0.61447947
0.27812902 0.57073981 -1.6442204
0.095634125 -0.13136569 0.96969096
0.040035442 0.53704518 -0.060049979
-1.1324615 0.29042101 0.71145794
-1.2460997 -1.0437573 0.42507739
0.26181482 0.30208993 -0.64611113
0.14817658 -1.0320884 -0.93249168
-0.25335091 0.23687812 0.72428135
-0.36698914 -1.0973002 0.4379008
1.1409254 0.24854704 -0.63328771
1.0272872 -1.0856312 -0.91966826
0.11854406 0.53976713 -0.436953
-0.095894455 0.017258845 -0.28140283
-1.074461 0.61301706 -0.35549581
-1.2888995 0.090508771 -0.19994564
0.3996693 0.53989758 -0.33600125
0.18523078 0.017389293 -0.18045108
-0.79333571 0.61314751 -0.25454406
-1.0077742 0.090639219 -0.098993888
-0.1757198 0.98732439 -0.36851368
-0.24481607 0.55762046 -0.17302077
-0.08778251 0.97290529 0.1883292
-0.15687878 0.54320136 0.38382211
-0.71148229 0.75579593 -0.36068172
-0.78057856 0.326092 -0.16518881
-0.623545 0.74137683 0.19616116
-0.69264127 0.3116729 0.39165407
-0.43777407 0.38364337 1.0575087
-0.57239343 -0.22586469 1.269363
-0.88339193 0.20496748 0.31013659
-1.0180113 -0.40454057 0.52199089
-0.4689797 0.92976527 0.98548528
-0.60359906 0.32025722 1.1973396
-0.91459756 0.75108939 0.23811321
-1.0492169 0.14158133 0.44996752
1.0215191 -0.56360997 0.096822214
0.95303021 -0.52979002 0.48429881
0.9505729 -0.54243747 0.5473935
0.88208399 -0.50861752 0.9348701
0.014342372 0.15227698 0.20406452
-0.054146538 0.18609693 0.59154112
-0.056603839 0.17344948 0.65463581
-0.12509275 0.20726943 1.0421124
-0.35838579 0.20599039 -0.65532838
-0.36135197 -0.46028278 0.34882283
-1.1035281 0.19699869 0.14309219
-1.1064942 -0.46927447 1.1472434
-0.50811925 0.56778106 -0.74735794
-0.51108543 -0.098492104 0.25679327
-1.2532615 0.55878937 0.051062631
-1.2562277 -0.1074838 1.0552138
-1.3498249 -0.29421049 0.66505622
-1.2076681 0.77957466 0.73059635
-0.56931753 -0.4164306 0.6510024
-0.42716069 0.65735455 0.71654252
-0.26606392 -0.99248587 0.64557316
-0.12390708 0.081299288 0.71111329
0.51444346 -1.114706 0.63151934
0.65660031 -0.040920825 0.69705947
0.53730311 0.77270395 -0.15492659
0.58221173 0.84797739 -0.052746609
0.87845072 0.71282992 0.042807275
0.92335934 0.78810336 0.14498725
-0.40847233 0.82366502 -0.27884224
-0.3635637 0.89893846 -0.17666226
-0.067324717 0.76379099 -0.081108378
-0.022416093 0.83906443 0.021071601
-0.45923431 0.4751297 0.68069784
-0.30972949 0.3015341 0.73874139
1.0737528 0.44015939 0.59707532
1.2232576 0.26656379 0.65511887
-0.46440603 0.048107069 0.51717264
-0.31490121 -0.12548853 0.57521619
1.068581 0.013136767 0.43355011
1.2180859 -0.16045883 0.49159366
-0.12767954 0.039162975 -1.3392584
-0.16946297 0.048921319 -0.92746627
-0.3954521 0.013295034 -1.1997647
-0.43723554 0.023053378 -0.78797249
0.92354242 -0.21814488 -1.3895827
0.88175899 -0.20838653 -0.97779051
0.65576986 -0.24401282 -1.2500889
0.61398642 -0.23425448 -0.83829673
0.57532857 -0.22645744 0.033994999
0.67343037 -0.3483563 0.99746886
0.25561142 -0.20653714 -0.76601367
0.35371323 -0.328436 0.1974602
1.1561663 -0.23039935 0.11230148
1.2542681 -0.35229822 1.0757753
0.83644919 -0.21047906 -0.68770718
0.934551 -0.33237792 0.27576668
0.77669194 -0.15088584 -0.16597507
0.64629404 0.016507371 0.78845281
0.6607028 -0.11778337 -1.3397357
0.5303049 0.049609838 -0.38530784
0.71150498 -0.4101112 0.032832462
0.58110708 -0.242718 0.98726034
0.59551584 -0.37700874 -1.1409282
0.46511793 -0.20961553 -0.18650031
-0.18962271 0.027984577 0.97791817
-0.26204489 -0.01968251 0.49271834
-0.53988598 -0.027942998 0.17744194
-0.61230816 -0.075610085 -0.30775789
0.81582037 0.27816976 0.93787807
0.74339819 0.23050267 0.45267824
0.46555711 0.22224218 0.13740184
0.39313493 0.1745751 -0.34779798
-0.051869727 -0.24207702 1.4467878
-0.071107096 -0.20766608 0.77467058
-0.48831976 -0.13633721 1.6903214
-0.50755712 -0.10192627 1.0182042
0.85310006 0.40532979 1.4351544
0.83386269 0.43974073 0.76303711
0.41665003 0.51106959 1.678688
0.39741266 0.54548054 1.0065707
-0.92567313 -0.033670873 -0.61386199
-0.96105142 -0.87630374 1.1866192
-0.99862724 0.045202619 -1.5835177
-1.0340055 -0.79743025 0.21696346
0.26707672 -0.615979 -0.73690756
0.23169843 -1.4586119 1.0635736
0.19412261 -0.5371055 -1.7065633
0.15874432 -1.3797384 0.09391789
0.30201368 -0.73516173 1.1492449
0.23383836 -0.71702243 1.3583446
0.96780928 -0.71123988 1.1363583
0.89963396 -0.69310058 1.3454579
0.84864802 -0.19334516 1.1456298
0.7804727 -0.17520586 1.3547295
1.5144436 -0.16942331 1.1327432
1.4462683 -0.15128401 1.3418429
0.91881041 -0.80999001 -0.15410649
1.0940206 -0.56226405 0.11189433
-0.064873554 -0.80701839 -0.39756304
0.11033663 -0.55929242 -0.13156222
-0.020281754 -1.3404517 -0.11699137
0.15492843 -1.0927257 0.14900945
-1.0039657 -1.33748 -0.36044791
-0.82875554 -1.0897541 -0.094447091
-0.12324612 0.55723605 -0.29767737
-0.14853131 0.53892923 0.26211184
-0.98774981 0.51953884 -0.22554922
-1.013035 0.50123203 0.33423998
0.20080394 -0.24062986 -0.43155175
0.17551874 -0.25893667 0.12823746
-0.66369976 -0.27832706 -0.3594236
-0.68898496 -0.29663388 0.2003656
1.4939639 -1.1106798 0.22446767
1.3774572 -0.31451944 0.82666713
1.6338883 -1.0802018 -0.8974727
1.5173816 -0.2840414 -0.29527325
-0.12184771 -0.50194543 0.11678083
-0.23835439 0.29421498 0.71898029
0.018076682 -0.47146739 -1.0051595
-0.098429994 0.32469302 -0.40296009
-0.28323228 -0.40699513 0.3144671
-0.40708243 0.52976438 -0.042676019
-0.31100321 -0.43717765 -0.47929161
-0.43485337 0.49958185 -0.83643473
1.4046797 -0.32636119 0.2741336
1.2808296 0.61039832 -0.083009516
1.3769088 -0.35654371 -0.51962511
1.2530587 0.58021579 -0.87676822
-0.81492677 1.2132069 0.16343202
-0.84412872 0.82148223 0.3063241
-0.90697015 1.0927178 0.17999931
-0.93617209 0.70099319 0.32289138
0.17794545 -0.35996219 0.29411588
0.1487435 -0.75168681 0.43700796
0.085902071 -0.48045123 0.31068317
0.056700127 -0.87217585 0.45357525
1.2922731 -0.71551858 0.55187909
1.3274677 -0.31306628 1.3333348
1.1473698 -0.64954196 0.16000381
1.1825644 -0.24708967 0.94145951
1.1406595 -0.56368037 0.56743765
1.1758542 -0.16122808 1.3488933
0.99575621 -0.49770376 0.17556238
1.0309508 -0.095251465 0.95701807
1.4041896 -0.1854477 -0.41100809
1.4462044 0.17474897 -0.27126252
0.98237481 -0.19130286 -0.39701964
1.0243896 0.1688938 -0.25727406
0.80867115 0.050719313 -0.32943604
0.85068597 0.41091597 -0.18969047
0.38685635 0.044864145 -0.31544759
0.42887116 0.40506081 -0.17570202
0.045618221 -0.21095382 -0.52408503
-0.077213669 0.59558038 -0.78253697
-0.96716209 -0.22798359 -1.2777914
-1.089994 0.57855061 -1.5362433
0.096426679 -0.32857954 -0.52593828
-0.026405211 0.47795466 -0.78439022
-0.91635363 -0.34560931 -1.2796446
-1.0391855 0.46092489 -1.5380966
-0.62111234 0.31860442 -0.0055361
-0.64086825 0.61409199 0.20773529
-1.147193 0.35662623 0.39256803
-1.1669489 0.6521138 0.60583942
-0.68328333 0.72087726 0.059787785
-0.70303924 1.0163648 0.27305918
-1.209364 0.75889907 0.45789191
-1.2291199 1.0543866 0.6711633
0.51156277 -0.13527264 -2.0323845
0.52468435 0.21784745 -0.34691758
0.3917591 -0.18937403 -1.8225217
0.40488069 0.16374607 -0.13705478
0.85804463 -0.10589182 -2.0392682
0.87116622 0.24722828 -0.35380125
0.73824096 -0.1599932 -1.8294054
0.75136255 0.19312689 -0.14393845
0.72582556 -0.86487734 1.0426695
0.72637542 0.10846496 0.71482338
0.49441247 -0.9124628 0.97691569
0.49496232 0.060879493 0.64906954
-0.12956563 -0.43441656 1.1039225
-0.12901577 0.53892573 0.77607639
-0.36097872 -0.48200203 1.0381687
-0.36042887 0.49134027 0.71032254
-0.16020922 0.38475083 -1.017754
-0.20813004 0.56443522 -0.1258782
-1.104788 0.36674492 -1.5766498
-1.1527088 0.54642931 -0.68477403
0.74137218 0.45145629 -0.99796354
0.69345136 0.63114068 -0.10608772
-0.20320661 0.43345038 -1.5568594
-0.25112743 0.61313477 -0.66498355
-0.32901866 0.86263043 -0.82468931
-0.43093178 1.5138223 -1.5740968
-0.22440966 0.80771287 1.501854
-0.32632278 1.4589047 0.7524465
-1.0155185 0.070594031 -0.6800255
-1.1174316 0.72178591 -1.429433
-0.91090952 0.015676469 1.6465178
-1.0128226 0.66686835 0.89711031
0.66092755 0.31391359 -0.72437672
0.60044719 0.93390067 0.19237769
-0.54998278 0.29057129 -1.4563717
-0.61046313 0.91055837 -0.53961731
1.7345301 0.077404117 -0.80941829
1.6740497 0.6973912 0.10733612
0.52361975 0.05406182 -1.5414133
0.4631394 0.6740489 -0.62465888
-0.53152819 -0.14344966 0.78675953
-0.64028536 0.23942554 -0.27425049
-0.63650869 -0.19462396 1.5503073
-0.74526587 0.18825125 0.48929732
-0.59226921 0.66789795 0.71139901
-0.70102638 1.0507732 -0.34961101
-0.69724971 0.61672365 1.4749468
-0.80600689 0.99959886 0.4139368
-0.89187115 -0.54739894 -0.74850415
-0.82232314 0.11976145 -0.32721904
-0.54981763 -0.59163339 0.46645823
-0.48026961 0.075526995 0.88774334
0.66071892 -0.36531117 -0.89408378
0.73026694 0.30184921 -0.47279868
1.0027724 -0.40954562 0.3208786
1.0723205 0.25761476 0.74216371
-0.78426274 0.33821991 0.59663237
-0.72372105 0.32413126 1.0307781
-0.99985587 0.30505293 0.62394395
-0.93931418 0.29096428 1.0580897
-1.6358089 0.51662284 0.54988897
-1.5752672 0.50253419 0.98403473
-1.851402 0.48345586 0.57720056
-1.7908603 0.46936721 1.0113463
0.35681885 -0.92579905 0.61654012
0.25508017 -0.4330398 1.2705574
1.1101901 -0.90259054 0.19708808
1.0084514 -0.40983129 0.85110539
-0.82223356 0.52862491 0.72090161
-0.92397223 1.0213842 1.3749189
-0.068862346 0.55183342 0.30144957
-0.17060102 1.0445927 0.95546687
1.9699127 0.63555834 -0.25182509
2.0604341 0.9152104 -0.29435199
1.3800109 0.56454143 -0.66081312
1.4705323 0.84419348 -0.70334003
1.8804434 0.79856546 -0.30535867
1.9709647 1.0782175 -0.34788557
1.2905416 0.72754855 -0.7143467
1.381063 1.0072006 -0.7568736
-0.16739059 -0.57189058 0.20310107
-0.16563772 -0.46068653 1.1662437
-0.45193575 -0.68532608 -0.7727744
-0.45018288 -0.57412203 0.19036821
-0.47124381 -0.4925309 0.13412741
-0.46949094 -0.38132684 1.09727
-0.75578896 -0.60596639 -0.84174806
-0.75403609 -0.49476234 0.12139455
-0.58078345 0.10207848 1.0595593
-0.55205164 0.62594295 0.6240613
0.09062981 0.1873801 0.54895571
0.11936162 0.71124456 0.11345771
-0.94985571 0.57786229 1.1917521
-0.9211239 1.1017268 0.75625409
-0.27844245 0.66316391 0.68114851
-0.24971064 1.1870284 0.24565051
-0.61676947 -0.94768505 0.86870337
-0.71369106 -1.0596892 0.83282816
-0.62278571 -1.0084807 0.67509795
-0.7197073 -1.1204848 0.63922274
-0.53441812 -0.85627126 1.046292
-0.63133972 -0.96827539 1.0104168
-0.54043436 -0.91706686 0.85268659
-0.63735596 -1.029071 0.81681139
0.036898966 -1.0710158 0.6546676
0.14873967 -0.57422303 0.38907225
0.77799086 -1.1346229 0.64498828
0.88983157 -0.63783009 0.37939293
-0.20244747 -0.11756093 0.75279978
-0.090606766 0.37923189 0.48720443
0.53864443 -0.18116798 0.74312046
0.65048513 0.31562483 0.47752511
-0.74786644 -0.37189632 0.92489392
-0.82956385 -1.2059029 0.035610235
-0.67951332 -0.43751639 -0.18305523
-0.76121072 -1.271523 -1.0723389
-0.71082682 -0.19449673 0.67389063
-0.79252423 -1.0285033 -0.21539305
-0.64247369 -0.26011679 -0.43405851
-0.7241711 -1.0941234 -1.3233422
0.49391959 0.11155328 0.30318166
0.59525736 -0.35349773 0.091004426
-0.29674317 0.068425973 0.64391621
-0.1954054 -0.39662504 0.43173897
0.055379291 0.18532057 0.2244319
0.15671706 -0.27973044 0.012254661
-0.73528347 0.14219327 0.56516644
-0.63394569 -0.32285775 0.35298921
-1.5900972 0.54322841 -0.21363981
-1.5368133 -0.26965899 0.52761086
-0.84660375 0.64324431 0.33417433
-0.79331976 -0.16964309 1.075425
-0.27094638 -0.2348138 -0.26498205
-0.2176624 -1.0477012 0.47626862
0.47254712 -0.1347979 0.2828321
0.5258311 -0.9476853 1.0240828
0.93579146 -0.394422 -0.64194067
1.0216464 0.16248393 -0.62904631
0.67385054 -0.45199856 0.36557993
0.75970547 0.10490736 0.37847429
0.048200345 -1.6560608 -0.65019024
0.13405528 -1.0991549 -0.63729588
-0.21374057 -1.7136374 0.35733036
-0.12788564 -1.1567315 0.37022473
1.4348585 1.119267 -0.10009624
1.4471093 0.19631442 -0.6837637
0.89143644 1.1568444 -0.18495239
0.90368723 0.2338918 -0.76861985
1.1972815 1.4965173 -0.047063609
1.2095323 0.57356474 -0.63073107
0.65385942 1.5340947 -0.13191976
0.66611022 0.61114212 -0.71558722
-0.069570759 -1.452996 0.79954013
-0.11607937 -1.0975292 0.22217826
-0.39022979 -1.4285129 1.2193634
-0.43673841 -1.0730462 0.64200148
0.29535943 -0.2403498 0.72293296
0.24885082 0.11511695 0.14557109
-0.025299601 -0.21586673 1.1427562
-0.071808217 0.13960002 0.56539431
0.78179352 -0.7289378 -0.39680315
0.68257546 -0.0758856 -0.33728353
0.53041589 -0.70576281 -0.27083959
0.43119783 -0.052710613 -0.21131997
0.82014352 -0.62251297 -0.38978675
0.72092547 0.030539225 -0.33026714
0.5687659 -0.59933799 -0.26382319
0.46954784 0.053714213 -0.20430358
1.5607115 0.18864626 -0.11439599
1.603975 -0.10647969 -0.73226379
1.4179964 0.23285016 -0.87606632
1.4612599 -0.062275785 -1.4939341
1.4025841 0.21886067 -0.06689125
1.4458477 -0.076265283 -0.68475905
1.259869 0.26306457 -0.82856158
1.3031326 -0.032061379 -1.4464294
1.5514338 0.21523463 -0.2300509
1.498557 0.97886696 -0.13342518
0.73628561 0.22793475 0.33693871
0.68340889 0.99156709 0.43356442
0.61730034 -0.27048552 -0.29913959
0.56442361 0.49314682 -0.20251387
-0.1978478 -0.25778539 0.26785001
-0.25072453 0.50584694 0.36447573
0.57431861 -1.0309554 -0.76408254
0.50526548 -1.0505255 -0.24090869
-0.67256723 -1.0589315 0.14720811
-0.74162036 -1.0785016 0.67038197
1.0337491 -0.48899297 -0.72567646
0.96469595 -0.50856312 -0.2025026
-0.21313676 -0.51696908 0.1856142
-0.28218989 -0.53653923 0.70878805
-0.097386294 -0.31470268 -0.55453834
-0.073089089 -0.88044549 0.66026251
-1.0150511 -0.20521417 -0.8646687
-0.99075391 -0.77095698 0.35013215
0.77587852 -0.25681896 -0.52244542
0.80017573 -0.82256177 0.69235543
-0.14178631 -0.14733046 -0.83257578
-0.1174891 -0.71307327 0.38222507
-0.94837817 -0.042562287 1.8136701
-0.96162571 -1.0118421 0.71492944
-0.095692795 -0.039775522 1.7241751
-0.10894034 -1.0090554 0.62543444
-0.75636018 -0.14822573 1.8107839
-0.76960773 -1.1175056 0.71204324
0.096325189 -0.14543896 1.7212889
0.083077645 -1.1147188 0.62254825
0.54175719 0.076422409 -0.93261615
0.47486968 -0.73986217 -0.28179223
0.32217555 0.087043182 -0.045083867
0.25528804 -0.7292414 0.60574005
0.14326002 1.3417301 -0.98576658
0.07637251 0.52544549 -0.33494267
-0.076321625 1.3523508 -0.098234306
-0.14320913 0.53606627 0.55258961
-0.29749019 -1.1247673 -1.0033658
-0.39959168 -0.93762229 -0.85886571
-0.88064406 -1.0907828 -1.4659295
-0.98274555 -0.90363787 -1.3214294
-0.18780051 -1.3946583 -0.93692289
-0.289902 -1.2075133 -0.79242276
-0.77095438 -1.3606738 -1.3994866
-0.87305587 -1.1735289 -1.2549864
-0.88393256 1.1237219 -0.18780668
-0.89067743 1.7827221 0.86157724
0.043681655 1.1477835 -0.70238134
0.036936776 1.8067837 0.34700259
-0.99530582 0.31872894 -0.038230338
-1.0020507 0.97772911 1.0111536
-0.067691614 0.34279056 -0.55280499
-0.074436493 1.0017907 0.49657893
0.9072284 0.80539573 0.64831829
0.79916693 -0.10015051 0.15475346
-0.22732709 0.79278013 0.45859499
-0.33538856 -0.11276612 -0.034969847
0.71433904 0.68226862 0.81476586
0.60627756 -0.22327763 0.32120102
-0.42021645 0.66965301 0.62504255
-0.52827792 -0.23589324 0.13147772
0.24302928 0.13436136 -1.1646051
0.39053578 -0.75610842 -0.73630505
0.8820388 0.16317741 -0.8308513
1.0295453 -0.72729238 -0.40255122
-0.28163832 0.53651827 -1.0402549
-0.13413182 -0.35395152 -0.61195481
0.3573712 0.56533431 -0.70650106
0.5048777 -0.32513547 -0.27820098
0.80595024 0.67370683 0.84960133
0.68860314 1.4527827 0.51444457
1.1718827 0.48748318 0.96576046
1.0545356 1.2665591 0.6306037
-0.90934503 0.17432685 1.0083044
-1.0266921 0.95340274 0.67314768
-0.54341255 -0.011896798 1.1244636
-0.66075965 0.76717909 0.78930681
0.21344465 0.30245223 1.4528909
0.10874644 -0.58803985 0.58082309
0.19158853 0.33600175 1.5293844
0.086890318 -0.55449033 0.65731657
0.48485899 0.11985971 1.5258439
0.38016078 -0.77063237 0.65377612
0.46300286 0.15340923 1.6023374
0.35830465 -0.73708285 0.73026961
1.3308734 0.0093812411 0.37945049
1.4629173 0.26489363 0.094059699
0.25537922 0.09189553 0.89563278
0.38742314 0.34740792 0.61024199
1.2831138 -0.024785138 0.52983089
1.4151577 0.23072725 0.2444401
0.2076196 0.057729151 1.0460132
0.33966352 0.31324154 0.76062238
-0.57749601 -0.03896157 -1.888147
-0.53939595 -1.3258405 -1.0304429
-0.44147924 0.014428147 0.26189758
-0.40337918 -1.2724508 1.1196017
0.16690413 0.36393837 -1.8786883
0.20500419 -0.92294054 -1.0209842
0.30292089 0.41732808 0.27135632
0.34102095 -0.86955082 1.1290604
0.13256781 -0.11558193 -2.5642161
0.11097444 -0.14011639 -1.6251537
-0.32771463 -0.023969676 -2.3602674
-0.34930799 -0.048504133 -1.421205
0.62263693 0.030067033 -2.556695
0.60104357 0.0055325754 -1.6176326
0.1623545 0.12167929 -2.3527463
0.14076113 0.097144831 -1.4136839
0.26345165 0.26357643 -0.76594623
0.30838787 1.0158092 -1.1835187
0.48501055 0.16040719 -0.80303215
0.52994677 0.91263995 -1.2206046
0.07290308 -0.34563717 -0.6930727
0.1178393 0.40659559 -1.1106452
0.29446198 -0.4488064 -0.73015863
0.3393982 0.30342635 -1.1477311
-0.71640435 -0.41769399 0.21920443
-0.55531447 -1.5773412 0.79874157
-0.175437 -0.35904712 0.17857428
-0.014347123 -1.5186943 0.75811142
-0.93154993 -0.45376408 0.18060934
-0.77046005 -1.6134113 0.76014648
-0.39058258 -0.39511721 0.13997919
-0.22949271 -1.5547644 0.71951633
-0.35293752 -0.49947987 -0.53942781
-0.31291573 -0.33256249 -0.030957703
-0.23925286 -0.39447537 -0.89110399
-0.19923107 -0.22755799 -0.38263388
0.17989427 -0.84953208 -0.44305606
0.21991606 -0.68261469 0.065414054
0.29357893 -0.74452758 -0.79473223
0.33360072 -0.57761019 -0.28626212
-0.51397342 0.98929423 -1.0042466
-0.49915381 0.76107177 -1.6423627
-0.60081123 0.96918429 0.27608028
-0.58599162 0.74096183 -0.36203585
-0.24894649 0.31812088 -1.0870243
-0.23412688 0.089898411 -1.7251404
-0.3357843 0.29801094 0.19330255
-0.32096469 0.069788472 -0.44481358
0.2588067 -0.13909115 -0.074596446
0.23390559 0.070008579 -0.14711087
0.55217737 -0.19426126 -0.41226775
0.52727626 0.014838461 -0.48478217
-0.45997278 0.026175828 -0.18159537
-0.48487389 0.23527555 -0.2541098
-0.1666021 -0.02899429 -0.51926668
-0.19150321 0.18010544 -0.5917811
0.80688205 0.63790641 -0.67256991
0.64984504 1.0051165 -0.11286457
-0.21255692 0.66041418 -0.72437598
-0.36959393 1.0276242 -0.16467063
0.71386497 -0.83757136 -0.60521149
0.55682796 -0.47036131 -0.045506142
-0.305574 -0.81506359 -0.65701755
-0.46261101 -0.44785354 -0.097312205
-0.19775588 0.90755912 -1.0236552
-0.18204916 0.91013269 -0.15821039
-0.10395493 0.83665334 -0.0034915503
-0.08824821 0.83922691 0.86195323
-0.077783642 0.31880671 -1.0522527
-0.062076925 0.32138028 -0.18680788
0.016017313 0.24790094 -0.032089045
0.031724029 0.2504745 0.83335574
0.18276545 -0.5400406 -1.8062594
0.18536177 0.26818241 -1.6497535
0.60689581 -0.52927547 -0.93905522
0.60949213 0.27894754 -0.78254937
-0.31775899 -0.37709294 -1.7548056
-0.31516268 0.43113007 -1.5982998
0.10637137 -0.36632782 -0.88760148
0.10896768 0.44189519 -0.73109563
1.7935088 0.2780997 0.32291245
1.6869402 0.21297779 -0.61662375
1.3234431 0.3474109 -0.72207188
1.2168745 0.28228898 -1.6616081
1.3128967 0.56195901 0.37556425
1.2063281 0.49683709 -0.56397195
0.84283099 0.63127021 -0.66942008
0.73626235 0.56614829 -1.6089563
1.0338278 0.60069271 0.82996092
1.0279597 1.0149832 1.4200489
0.71971532 0.61230912 0.88338884
0.71384723 1.0265997 1.4734769
-0.41042088 -0.37234522 0.95299193
-0.41628897 0.041945311 1.5430799
-0.72453339 -0.36072881 1.0064199
-0.73040149 0.053561725 1.5965079
-0.30586871 1.8229829 0.014747197
-0.36061432 2.1983479 -0.37509783
-0.38774019 1.7904176 0.88571301
-0.44248581 2.1657825 0.49586797
-0.85539187 0.15643286 -0.11865072
-0.91013748 0.53179777 -0.50849575
-0.93726335 0.12386748 0.75231509
-0.99200897 0.49923239 0.36247005
0.20329163 0.14809983 0.2785041
0.24862544 -0.096188801 -0.30977171
-0.4510571 0.19660627 -0.25944773
-0.40572329 -0.047682367 -0.84772354
0.80675516 0.41682473 0.30175163
0.85208897 0.17253609 -0.28652419
0.15240643 0.46533116 -0.2362002
0.19774024 0.22104253 -0.82447602
0.042166399 0.049948698 1.1280903
0.022970471 0.075194627 0.12086041
0.10973714 -0.030818445 0.44615067
0.090541211 -0.0055725154 -0.56107921
0.04531213 0.28721919 1.1399227
0.026116202 0.31246511 0.13269283
0.11288287 0.20645204 0.4579831
0.093686943 0.23169797 -0.54924678
-0.91116384 0.22055697 0.88071368
-1.0289527 0.82764101 0.19900221
-0.66954096 0.25997156 0.51797527
-0.78732981 0.8670556 -0.16373621
-0.24495582 -0.24490594 0.92087173
-0.36274467 0.36217809 0.23916025
-0.0033329354 -0.20549135 0.55813331
-0.12112178 0.40159269 -0.12357817
1.7684037 -0.48479972 -0.70694062
1.6554514 -0.68347837 -0.69477243
0.97075298 -0.41385127 -1.7493909
0.85780075 -0.61252992 -1.7372227
1.8190947 -0.43922995 -0.72399684
1.7061424 -0.6379086 -0.71182865
1.021444 -0.3682815 -1.7664471
0.90849174 -0.56696015 -1.7542789
0.70352498 0.5708348 0.20426878
0.60004343 0.56019829 0.27775029
0.39302796 0.52692698 0.39681616
0.28954641 0.51629047 0.47029768
0.69297393 0.2753147 0.18887598
0.58949238 0.26467819 0.2623575
0.38247691 0.23140688 0.38142336
0.27899536 0.22077037 0.45490488
0.0043161629 -0.98201033 1.1650955
0.018681787 0.56445651 0.23404478
0.1234841 -0.98572648 0.51008393
0.13784973 0.56074036 -0.42096684
-0.057948052 -0.64532474 1.3366603
-0.043582428 0.9011421 0.4056095
0.06121989 -0.64904088 0.68164865
0.075585514 0.89742596 -0.24940212
-0.16110921 0.31342177 -0.33965021
-0.22653799 0.044229244 -0.73167641
-0.15346741 0.37910677 -0.16262947
-0.21889619 0.10991425 -0.55465567
-0.24990181 0.5559723 -0.26502103
-0.31533059 0.28677977 -0.65704723
-0.24226002 0.6216573 -0.088000284
-0.3076888 0.35246478 -0.48002649
-0.74339784 1.4024423 -0.054487609
-0.93697731 1.134843 -0.55701751
0.1572905 1.4541874 0.18049859
-0.036288974 1.1865881 -0.32203131
-0.98529557 0.7053124 -0.26913733
-1.178875 0.43771303 -0.77166724
-0.084607229 0.75705752 -0.03415113
-0.2781867 0.48945815 -0.53668103
0.1223205 -1.1734431 -0.15912946
0.090119051 -0.93516477 0.37354198
0.26744491 -1.1844861 -0.17395757
0.23524347 -0.94620783 0.35871387
-0.31388532 -1.4754488 -0.16156183
-0.34608676 -1.2371705 0.37110961
-0.1687609 -1.4864919 -0.17638995
-0.20096235 -1.2482136 0.35628149
-0.77701212 -0.43476767 -0.13713627
-0.75527876 -0.73583643 0.85855826
-0.80758213 -0.47000549 -1.4789024
-0.78584877 -0.77107424 -0.48320783
-0.34987717 0.16407832 -0.25886894
-0.32814381 -0.13699043 0.73682558
-0.38044718 0.12884051 -1.600635
-0.35871381 -0.17222825 -0.60494051
0.64926097 0.25996252 -1.8726277
0.56292153 0.25812371 -1.100184
0.13589605 0.41116361 -0.65019608
0.049556605 0.4093248 0.12224759
0.89751819 0.61502737 -1.8614909
0.81117875 0.61318856 -1.0890472
0.38415327 0.76622846 -0.63905928
0.29781383 0.76438965 0.13338439
0.59309464 0.0023555337 1.1386618
0.48804104 0.010776783 0.0039218011
0.27070843 0.018074293 0.2117906
0.16565483 0.026495542 -0.92294938
1.4053627 0.081560777 1.1955681
1.3003091 0.089982026 0.060828113
1.0829765 0.097279536 0.26869691
0.97792288 0.10570079 -0.86604307
-0.0187297 0.89083004 -0.04046299
-0.13461409 0.38361748 0.26474109
0.80104915 0.89360515 -0.85073446
0.68516476 0.38639258 -0.54553038
-0.40477711 0.15066909 -0.089973892
-0.5206615 -0.35654348 0.21523019
0.41500174 0.15344419 -0.90024536
0.29911735 -0.35376837 -0.59504128
0.61837196 0.42612804 -0.96606988
0.75934725 0.18188156 -0.12942028
0.51172844 0.37004727 0.19024067
0.65270373 0.12580078 1.0268903
0.67650075 0.11456642 -1.0477627
0.81747603 -0.12968007 -0.21111307
0.56985722 0.058485642 0.10854787
0.71083251 -0.18576084 0.94519747
1.0736329 -0.19242278 -0.8629505
1.06461 0.12389646 -0.56211265
1.3237059 -0.21887972 -0.79976962
1.3146831 0.097439517 -0.49893176
0.66287082 0.072126721 -0.77527301
0.65384795 0.38844596 -0.47443515
0.91294386 0.045669779 -0.71209213
0.90392099 0.36198901 -0.41125427
-0.030727571 -0.017176907 -0.65150749
0.024444976 -0.51884443 -0.5575743
0.1033238 0.018238459 -0.63174161
0.15849635 -0.48342907 -0.53780842
0.4029518 0.068454141 -0.75108332
0.45812435 -0.43321338 -0.65715013
0.53700317 0.10386951 -0.73131743
0.59217572 -0.39779802 -0.63738424
0.90133463 0.15428834 -1.5445743
0.89393837 -0.23483694 -1.4040328
0.79607485 0.17307546 -1.5031478
0.7886786 -0.21604981 -1.3626063
0.98727082 0.20711434 -1.5608154
0.97987456 -0.18201093 -1.420274
0.88201104 0.22590147 -1.5193889
0.87461479 -0.16322381 -1.3788475
0.12123074 1.7545636 -1.4079158
0.094160327 0.95921953 -0.1836869
0.18274556 1.7680874 -1.1337145
0.15567514 0.97274329 0.090514418
-0.30733334 1.5178142 -1.3840805
-0.33440375 0.72247009 -0.15985161
-0.24581852 1.531338 -1.1098792
-0.27288894 0.73599386 0.11434972
-0.85633156 -0.27196878 1.5747147
-1.0117775 1.0638483 -0.24473955
-0.48614227 -0.2758786 0.97348286
-0.64158816 1.0599385 -0.84597141
-0.12409191 -0.07876357 1.525376
-0.2795378 1.2570535 -0.29407829
0.24609739 -0.082673395 0.92414412
0.090651491 1.2531437 -0.89531015
0.70829351 -0.52291545 0.36730845
0.70804357 0.44410467 0.55981726
0.71126628 -0.56315945 -0.50104714
0.71101635 0.40386067 -0.30853833
0.70544628 -0.413161 0.3165881
0.70519635 0.55385912 0.50909691
0.70841906 -0.453405 -0.55176749
0.70816912 0.51361512 -0.35925868
-0.20462639 -1.6762847 0.27224809
-0.11847247 -1.1316199 0.50241593
0.55736857 -1.7744602 0.46815658
0.64352248 -1.2297954 0.69832441
0.33407611 -1.122177 0.19556195
0.42023002 -0.57751217 0.42572979
1.0960711 -1.2203525 0.39147044
1.182225 -0.67568771 0.62163827
0.72727904 0.15541057 -0.34550827
0.78561601 -0.54117587 -0.55141336
0.50775711 0.048621873 -0.98738908
0.56609408 -0.64796456 -1.1932942
-0.32142882 0.20725107 -0.2011991
-0.26309186 -0.48933536 -0.4071042
-0.54095075 0.10046238 -0.84307992
-0.48261378 -0.59612405 -1.048985
-0.096177815 -0.43297198 0.31380286
-0.14675164 -0.12159193 0.30621759
-0.065898623 -0.51464441 0.46155811
-0.11647244 -0.20326437 0.45397285
0.71191581 0.36342214 0.37079151
0.66134198 0.67480219 0.36320624
0.742195 0.28174971 0.51854676
0.69162118 0.59312975 0.5109615
-0.3922146 -1.6202943 0.98326415
-0.26826033 -0.88084883 1.8446237
0.063141152 -1.5519353 0.73989259
0.18709543 -0.81248981 1.6012522
-0.067294523 -1.1481553 1.0305422
0.056659752 -0.40870975 1.8919017
0.38806123 -1.0797962 0.78717061
0.51201551 -0.34035074 1.6485302
-0.81651202 -0.22578758 -0.69855071
-0.76820454 -0.96945788 -0.48686897
-0.51752795 -0.12639844 0.17252267
-0.46922047 -0.87006874 0.38420441
-0.78939692 -0.16787663 -0.7203793
-0.74108943 -0.91154693 -0.50869756
-0.49041285 -0.068487492 0.15069407
-0.44210537 -0.81215779 0.36237581
-0.38042863 -0.13388116 0.87879743
-0.61248574 -0.37111779 -0.20911416
-0.5260031 -0.15591582 0.95522577
-0.75806021 -0.39315246 -0.13268582
-0.013901087 0.030359865 0.83831038
-0.2459582 -0.20687677 -0.24960121
-0.15947556 0.0083252006 0.91473872
-0.39153267 -0.22891143 -0.17317287
-0.2675429 0.66930418 -0.36304595
-0.4502093 0.014703773 0.8919129
0.96904566 0.47913508 0.0073073743
0.78637927 -0.17546532 1.2622662
-0.27451345 0.067576177 -0.44650087
-0.45717985 -0.58702423 0.80845798
0.96207511 -0.12259292 -0.076147545
0.77940872 -0.77719332 1.1788113
-0.067404553 0.43569124 -0.03278664
-0.11997109 0.20512799 -0.29762761
0.20053137 0.37457285 -0.28148746
0.14796484 0.1440096 -0.54632842
-1.2119081 0.3958531 0.0019240823
-1.2644747 0.16528986 -0.26291688
-0.94397221 0.33473471 -0.24677673
-0.99653874 0.10417147 -0.5116177
-0.063412213 -0.07769555 -0.88299459
-0.16659375 -0.26833687 -0.61843873
0.4083433 -0.14602555 -0.18487055
0.30516177 -0.33666687 0.079685311
0.32026402 0.29563581 -0.74414479
0.21708249 0.10499449 -0.47958893
0.79201954 0.22730582 -0.046020753
0.68883801 0.036664497 0.21853511
-1.4176106 -0.10813126 -1.3764033
-1.3896688 0.075761555 -1.0176734
0.028743462 -0.018640724 -0.38297721
0.056685226 0.16525209 -0.024247264
-0.70609656 -0.825413 -1.3707365
-0.6781548 -0.64152018 -1.0120065
0.74025749 -0.73592246 -0.37731036
0.76819925 -0.55202965 -0.018580418
-0.0094226017 -0.13614749 0.80772291
-0.04269835 0.29222497 -0.3091439
1.0423745 -0.28721406 0.061062265
1.0090988 0.14115841 -1.0558045
0.35583663 -0.0081301846 0.93346391
0.32256088 0.42024228 -0.1834029
1.4076338 -0.15919675 0.18680327
1.374358 0.26917571 -0.93006355
-0.86970379 -0.39016545 1.2566211
-0.84555831 0.19735224 1.0382361
-0.95407475 -0.59096158 0.70260659
-0.92992928 -0.0034438931 0.48422157
0.54163641 0.34929809 1.383656
0.56578188 0.93681577 1.165271
0.45726545 0.14850196 0.82964146
0.48141092 0.73601965 0.61125644
0.53476187 1.5792553 -0.48438969
0.53951874 0.49857816 0.3373913
0.77339743 1.5441635 -0.7692031
0.7781543 0.46348628 0.05257788
0.86142711 1.8243608 -0.50502639
0.86618398 0.74368365 0.31675459
1.1000627 1.7892689 -0.78983981
1.1048195 0.70859176 0.031941177
-0.28441598 -1.3553449 1.0689561
-0.31854345 -1.3516482 0.59420663
-0.43031787 -1.3495661 0.21817526
-0.46444534 -1.3458694 -0.25657423
-0.53972803 -1.1946474 1.1224193
-0.5738555 -1.1909506 0.64766985
-0.68562992 -1.1888686 0.27163848
-0.71975739 -1.1851718 -0.20311101
0.075194335 -1.633082 0.3950894
0.12234164 -0.62640665 1.2073151
0.37676817 -1.6405958 -0.38125882
0.42391548 -0.63392051 0.43096689
-0.43458573 -0.92548577 0.32315741
-0.38743842 0.081189569 1.1353831
-0.13301189 -0.93299963 -0.45319081
-0.085864584 0.073675699 0.3590349
-1.0932637 0.21662336 -1.1280153
-1.2137977 0.28904605 -0.8028778
-0.55127984 0.25774464 -1.1275458
-0.67181384 0.33016733 -0.80240838
-0.29763192 -0.84364923 -1.2039496
-0.41816591 -0.77122654 -0.8788121
0.24435192 -0.80252794 -1.2034801
0.12381793 -0.73010525 -0.87834268
0.77740273 0.21672266 -0.27267258
0.87738105 -0.22833092 -0.46317782
-0.037505509 0.014584402 1.0351055
0.062472814 -0.43046918 0.84460026
1.3603534 1.0502223 -0.22344764
1.4603317 0.6051687 -0.41395289
0.54544517 0.84808402 1.0843304
0.64542349 0.40303044 0.8938252
-0.45448409 1.6845217 0.63857073
-0.54551363 0.92010087 0.64068002
0.12189779 1.6451087 0.5009901
0.030868246 0.88068781 0.50309938
0.10048332 1.1628401 0.6038361
0.0094537731 0.39841929 0.60594538
0.67686519 1.1234271 0.46625546
0.58583565 0.35900622 0.46836474
0.76406731 -0.64824483 -1.0905765
0.80842855 -0.74277853 -0.29767768
1.5179465 -0.43603921 0.33663248
1.5623078 -0.53057292 1.1295313
0.94525026 -0.025323525 -1.1398149
0.98961151 -0.11985723 -0.34691612
1.6991295 0.18688209 0.28739404
1.7434907 0.092348385 1.0802928
1.1614738 -0.17460652 -0.30233211
1.1541458 -0.79752236 -1.2431003
1.1364141 -0.027974226 -0.73319179
1.1290862 -0.65089007 -1.6739599
0.15739935 -0.082969614 -0.27867091
0.15007139 -0.70588546 -1.2194391
0.13233971 0.063662676 -0.70953059
0.12501175 -0.55925317 -1.6502987
0.72417155 -0.091021735 0.09461064
0.71001979 -0.82454931 1.283939
0.19486954 -0.043243021 -0.15985004
0.18071778 -0.77677059 1.0294783
0.88421252 0.45034321 0.089764201
0.87006076 -0.28318436 1.2790926
0.35491051 0.49812192 -0.16469648
0.34075875 -0.23540565 1.0246319
0.011185926 1.2506758 -0.22612134
-0.077571117 1.4559078 0.34263847
-0.70672997 1.1679788 -0.25615619
-0.79548701 1.3732107 0.31260362
-0.79194995 0.45904007 -0.32759695
-0.88070699 0.66427204 0.24116286
-1.5098658 0.37634304 -0.3576318
-1.5986229 0.58157501 0.21112801
-0.064566777 -0.47929448 0.62807364
-0.096077022 -0.047813736 0.62382969
1.0946869 -0.50749786 1.2916029
1.0631766 -0.076017123 1.2873589
-0.51031755 -0.61515128 0.69695292
-0.5418278 -0.18367054 0.69270897
0.64893611 -0.64335466 1.3604822
0.61742587 -0.21187392 1.3562382
0.97092077 0.47201531 -1.6974461
1.0480728 0.21982567 -1.1670323
1.3778019 0.46775966 -1.5333305
1.4549539 0.21557002 -1.0029167
0.97940091 0.73066621 -1.7376942
1.0565529 0.47847657 -1.2072804
1.3862821 0.72641056 -1.5735785
1.4634341 0.47422092 -1.0431648
-0.49763337 -1.2511364 0.41280874
-0.40838723 -0.43391551 0.39813155
-0.37996262 -1.3212453 0.66315591
-0.29071648 -0.50402436 0.64847873
-0.25862952 -1.2126374 0.33111822
-0.16938338 -0.39541651 0.31644104
-0.14095877 -1.2827463 0.58146539
-0.051712626 -0.46552536 0.56678821
0.11952788 -0.57316377 -0.96195372
0.17653897 -1.4169387 0.059080539
1.0710324 -0.61458657 -0.90413778
1.1280434 -1.4583615 0.11689648
-0.49414909 -0.54166849 -0.84729291
-0.43713801 -1.3854434 0.17374134
0.45735538 -0.58309129 -0.78947698
0.51436647 -1.4268662 0.23155728
0.5203648 -1.5257885 0.14351039
0.46329583 -1.414795 -0.036223293
1.2144619 -1.4460209 0.20878233
1.157393 -1.3350275 0.029048645
-0.14255309 -1.459678 0.20644078
-0.19962206 -1.3486845 0.02670709
0.55154403 -1.3799104 0.27171271
0.49447506 -1.2689169 0.091979027
-0.42098986 1.101941 -0.99926971
-0.49920637 0.44284571 0.28179346
-0.99928516 1.0333797 0.41965817
-1.0775017 0.3742844 1.7007213
0.81369329 0.26166266 -1.000605
0.73547679 -0.39743262 0.28045819
0.23539799 0.19310135 0.41832291
0.15718149 -0.46599393 1.6993861
-0.44098514 1.5013304 -0.48199989
-0.33191107 0.80136554 -0.094444578
-0.39126541 1.4569728 -0.70466691
-0.28219135 0.75700799 -0.3171116
-0.41662603 1.2211946 -0.64316197
-0.30755197 0.52122977 -0.25560666
-0.3669063 1.176837 -0.86582899
-0.25783224 0.47687223 -0.47827368
0.16361124 -0.6149293 0.7792285
0.18370623 -0.035709258 0.33483486
1.0398969 -0.63677028 1.1301264
1.0599918 -0.057550243 0.68573275
0.20346252 0.022199249 0.87561709
0.22355751 0.60141929 0.43122345
1.0797481 0.000358264 1.226515
1.0998431 0.5795783 0.78212133
0.78269221 0.41499643 -0.091997442
0.71042047 -0.2989034 -0.087602726
0.48726505 0.51137601 0.96486443
0.41499331 -0.20252382 0.96925915
-0.15142301 -0.038290366 -0.079432785
-0.22369475 -0.7521902 -0.075038069
-0.44685017 0.058089215 0.97742909
-0.51912191 -0.65581062 0.9818238
-0.030272853 0.35603006 1.151061
-0.10153793 0.19841692 0.79650785
0.77145494 0.29324369 1.2032359
0.70018986 0.13563055 0.8486828
0.1656651 -0.70566477 1.22296
0.094400018 -0.86327791 0.86840687
0.96739289 -0.76845115 1.2751349
0.89612781 -0.92606429 0.92058182
0.055532088 -0.10932502 -0.048164619
0.20105663 -0.21871558 -0.77281626
1.0046169 0.012642891 -0.16062472
1.1501415 -0.096747669 -0.88527636
0.16748092 -0.99153524 -0.13599993
0.31300545 -1.1009258 -0.86065157
1.1165658 -0.86956733 -0.24846004
1.2620903 -0.97895789 -0.97311168
-0.031730349 0.67613781 -0.94406395
-0.011545042 1.3710548 -1.3179309
0.14815347 0.77837922 -0.50490831
0.16833878 1.4732962 -0.87877521
0.34918157 0.42701802 -1.0159188
0.36936688 1.121935 -1.3897857
0.52906539 0.52925942 -0.57676314
0.5492507 1.2241764 -0.95063004
-0.07840498 0.23266709 -2.4432277
0.09874486 0.64214618 -0.85602503
-0.36503197 0.23635059 -1.9856617
-0.18788213 0.64582968 -0.39845899
-0.36455841 0.48785861 -2.2617572
-0.18740857 0.89733771 -0.67455454
-0.6511854 0.49154212 -1.8041912
-0.47403556 0.90102121 -0.2169885
-0.057343598 -0.36850315 -0.21212736
-0.041500485 0.36916756 0.22427326
0.013073454 -0.36882517 -0.23233981
0.028916567 0.36884554 0.20406081
-0.048398663 -0.36461535 -0.2098565
-0.03255555 0.37305536 0.22654412
0.022018389 -0.36493737 -0.23006895
0.037861502 0.37273334 0.20633168
-0.67993871 0.31714744 0.61685785
-0.72272845 0.11202089 0.8329933
-0.46606497 0.40868169 0.86575645
-0.50885471 0.20355515 1.0818919
-0.16932919 0.35022479 0.68788656
-0.21211893 0.14509824 0.90402201
0.044544543 0.44175904 0.93678515
0.001754804 0.23663249 1.1529206
0.8113405 -0.89111231 0.65880977
0.79179169 -0.12946236 0.0042559989
0.64387403 -0.89058737 0.87103235
0.62432522 -0.12893742 0.21647858
1.2650009 -1.2268689 0.71916256
1.2454521 -0.46521895 0.064608787
1.0975344 -1.226344 0.93138513
1.0779856 -0.464694 0.27683136
1.3309754 0.086050476 0.98092898
1.4160205 0.078796379 0.87677315
1.39928 0.14916433 0.67858298
1.4843252 0.14191024 0.57442716
-0.070249358 -0.24031785 0.91737491
0.014795791 -0.24757194 0.81321908
-0.0019447343 -0.17720399 0.61502891
0.083100415 -0.18445808 0.51087309
0.53815109 0.70853808 0.30894974
0.4352096 0.8824519 0.74453171
-0.17800508 0.81177607 -0.20108646
-0.28094657 0.98568988 0.2344955
-0.076819982 -0.16952023 0.1949864
-0.17976148 0.0043935886 0.63056836
-0.79297615 -0.066282245 -0.31504981
-0.89591765 0.10763157 0.12053216
0.5833889 0.15987833 0.11478907
0.68051683 0.044439606 -0.092951522
-0.36130456 0.14698387 -0.18272014
-0.26417662 0.031545153 -0.39046074
-0.0034488366 -0.59030719 -0.048327927
0.093679098 -0.70574591 -0.25606852
-0.94814229 -0.60320164 -0.34583714
-0.85101436 -0.71864036 -0.55357774
-0.2809808 1.6623122 0.67629982
-0.3381735 -0.055278949 0.033766868
0.27288424 1.5822972 -0.093101972
0.21569154 -0.1352939 -0.73563492
0.62035113 1.7313534 0.71631147
0.56315843 0.013762321 0.073778526
1.1742162 1.6513385 -0.053090314
1.1170235 -0.066252626 -0.69562326
0.64425823 0.71788469 1.4177642
0.78893577 0.32281761 0.58251724
0.49076217 0.55225192 1.1546105
0.63543971 0.15718483 0.31936358
-0.50328609 0.150398 1.3505679
-0.35860855 -0.24466909 0.51532095
-0.65678215 -0.015234778 1.0874142
-0.51210461 -0.41030186 0.25216728
-0.45239949 -0.96740704 0.012387297
-0.39917523 -0.039250635 0.73852443
-0.35348401 -0.96650173 0.70035345
-0.30025975 -0.038345326 1.4264906
-0.18951923 -0.14133849 -0.041694007
-0.13629497 0.78681791 0.68444312
-0.090603754 -0.14043318 0.64627214
-0.037379487 0.78772322 1.3724093
0.66800104 0.1405105 -1.1475542
0.55621241 0.26427601 -0.75625094
0.6555087 -0.03750629 -0.87362702
0.54372007 0.086259224 -0.48232378
0.61456733 0.026667154 -1.1310988
0.5027787 0.15043267 -0.73979557
0.60207499 -0.15134964 -0.85717166
0.49028636 -0.027584122 -0.46586842
0.11281317 0.7887522 0.97530811
0.047823398 0.13469722 -0.66987983
-0.6260065 0.69863322 0.6557663
-0.69099627 0.044578242 -0.98942164
-0.091829349 0.56535425 1.1113002
-0.15681912 -0.088700733 -0.53388771
-0.83064902 0.47523527 0.79175841
-0.89563879 -0.17881971 -0.85342952
0.53627529 0.81125633 -0.64852629
0.59163572 -0.54508739 -0.46162077
0.75987207 0.93157537 1.2764396
0.81523251 -0.42476835 1.4633452
-0.59920211 0.34371265 -0.62536926
-0.54384167 -1.0126311 -0.43846375
-0.37560532 0.46403169 1.2995967
-0.32024488 -0.89231204 1.4865022
0.19945674 -0.11729238 -1.0607782
0.22173321 0.23469155 -1.4114784
-0.55470294 -0.21099545 0.45587255
-0.53242647 0.14098848 0.10517238
0.28563106 -0.16777202 -1.224399
0.30790753 0.18421192 -1.5750992
-0.46852862 -0.26147509 0.29225173
-0.44625215 0.09050885 -0.058448438
-1.1518036 0.50595834 -0.56715021
-1.1900897 0.84844903 -0.87353184
-1.1983709 0.58688658 0.13630894
-1.236657 0.92937728 -0.17007269
-0.46013101 0.067801329 -0.49638061
-0.49841711 0.41029203 -0.80276224
-0.50669827 0.14872957 0.20707853
-0.54498437 0.49122027 -0.099303093
-0.059540497 -0.50427678 0.77730059
-0.058409154 -1.0929337 -0.82188435
-0.10771618 -0.33812866 1.3645559
-0.10658483 -0.92678555 -0.23462902
-0.025446515 -0.24265923 0.77375277
-0.024315172 -0.83131612 -0.82543217
-0.073622194 -0.076511113 1.3610081
-0.072490851 -0.665168 -0.23817684
1.1762931 1.1812964 1.1181035
1.11965 1.015891 0.10113361
0.21935591 1.1316668 1.1051481
0.16271279 0.96626135 0.088178196
0.14677851 0.59654182 1.1023593
0.090135393 0.43113635 0.085389417
-0.81015867 0.5469122 1.0894039
-0.86680178 0.38150673 0.072433998
-0.083930076 -0.11123239 1.2312976
-0.20859101 -0.66345476 1.0074496
1.3477699 -0.19979768 -0.015257007
1.223109 -0.75202005 -0.23910503
-0.74643258 -0.34700705 1.17358
-0.87109351 -0.89922942 0.94973194
0.68526743 -0.43557234 -0.072974675
0.56060649 -0.98779471 -0.29682269
0.17323392 -0.29454592 -0.23938958
0.016470634 -0.46533751 -1.0530262
-0.32242763 -0.13775818 -0.44000942
-0.47919092 -0.30854977 -1.253646
-0.64755691 -0.2801856 -0.36368782
-0.8043202 -0.45097719 -1.1773244
-1.1432185 -0.12339786 -0.56430767
-1.2999818 -0.29418945 -1.3779443
-1.0185474 -1.328214 0.046824363
-0.96773256 -1.3974955 -0.27058288
-0.5017096 -1.3918054 0.046653566
-0.45089473 -1.4610869 -0.27075368
-0.57590466 1.1787358 -0.039934857
-0.52508979 1.1094543 -0.3573421
-0.05906683 1.1151444 -0.040105655
-0.008251956 1.0458629 -0.3575129
-0.36322607 0.14293204 0.80954951
-0.37418314 0.36051922 0.42719066
0.18934538 0.151226 0.80736791
0.17838831 0.36881318 0.42500906
-0.059495781 0.71163838 0.79376431
-0.070452851 0.92922556 0.41140546
0.49307567 0.71993234 0.79158271
0.4821186 0.93751952 0.40922386
-1.0704717 -0.1013807 -0.73955935
-1.0014926 -1.4614176 0.011966063
0.052042421 0.033982486 -1.1269933
0.12102153 -1.3260544 -0.37546788
-0.57851078 0.68955617 -0.67672954
-0.50953167 -0.67048074 0.07479587
0.54400332 0.82491936 -1.0641635
0.61298243 -0.53511755 -0.31263807
0.93813031 -0.36219195 1.2123306
1.0327524 0.55320969 0.76227198
1.0166313 -0.44473559 -0.27085831
1.1112534 0.47066605 -0.72091688
0.81882482 -0.35807968 1.3891664
0.91344687 0.55732195 0.93910782
0.89732585 -0.44062332 -0.094022472
0.9919479 0.47477832 -0.54408105
0.94083816 0.058388438 -0.26751074
0.88263916 -0.47567657 0.010331371
1.2145133 -0.0074724909 -0.97444269
1.1563143 -0.5415375 -0.69660058
-0.11810643 -0.63468767 -0.29652683
-0.17630543 -1.1687527 -0.018684717
0.15556875 -0.7005486 -1.0034588
0.097369753 -1.2346136 -0.72561667
0.46998633 -1.8067728 -0.31064181
0.47312078 -1.3916475 -1.0333115
0.1553615 -1.7951172 -0.73812309
0.15849595 -1.3799918 -1.4607928
-0.11438178 -1.2339546 -0.3668979
-0.11124734 -0.81882926 -1.0895676
-0.42900661 -1.2222989 -0.79437919
-0.42587216 -0.80717362 -1.5170489
1.4893908 0.38769816 0.10658791
1.4864988 0.3680658 0.47380891
-0.39704947 0.51009493 -0.041019723
-0.39994143 0.49046257 0.32620128
1.4728162 0.42612562 0.012037551
1.4699243 0.40649326 0.37925855
-0.41362404 0.54852239 -0.13557008
-0.416516 0.52889003 0.23165092
-0.60905599 0.010459639 1.36852
-0.57050457 0.72372946 1.896909
-0.40672061 0.046536228 0.21310168
-0.36816919 0.75980605 0.74149064
0.072059087 -0.009999308 1.3878981
0.11061051 0.70327051 1.916287
0.27439446 0.026077281 0.23247976
0.31294589 0.7393471 0.76086871
-0.42048972 -0.087057451 -0.59104649
-0.48412694 -0.37548905 0.2109355
0.49248387 0.026886188 -0.28808185
0.42884666 -0.26154542 0.51390014
0.50304683 -0.23856381 -0.62607
0.43940962 -0.52699542 0.17591199
1.4160204 -0.12462017 -0.32310536
1.3523832 -0.41305178 0.47887663
-0.94067214 0.33441614 1.3094289
-1.0132421 0.34398368 0.82637537
-1.0889429 0.41772837 1.2398794
-1.1615129 0.42729592 0.75682579
0.50495506 0.25837209 1.2949863
0.43238507 0.26793963 0.81193269
0.35668431 0.34168433 1.2254367
0.28411431 0.35125187 0.74238311
-1.1872655 -0.24167875 0.53504078
-1.1702518 -0.14956795 -0.28572985
0.34543419 -0.20925682 0.79806698
0.36244787 -0.11714602 -0.022703651
-1.6821044 -0.82669726 0.60496704
-1.6650908 -0.73458647 -0.21580359
-0.14940476 -0.79427533 0.86799324
-0.13239107 -0.70216454 0.04722261
-0.24170966 0.19285566 1.1227565
-0.23934235 0.1667946 -0.17609563
-1.401534 0.11318469 2.0969557
-1.3991667 0.087123629 0.79810359
1.1484478 0.64710381 1.1579479
1.1508151 0.62104275 -0.14090423
-0.011376541 0.56743284 2.1321471
-0.0090092274 0.54137177 0.83329499
-0.20817048 -0.1199792 1.0609527
-0.31578809 0.85197941 1.1040282
1.2135701 0.10240272 0.96689184
1.1059525 1.0743613 1.0099673
-0.097701916 -1.4928905 1.0201905
-0.20531952 -0.52093188 1.063266
1.3240387 -1.2705086 0.92612968
1.2164211 -0.29854997 0.96920518
-0.48971726 -0.028226827 2.0681611
-0.46376234 -0.048032409 1.3096879
-1.2415775 -0.020886642 2.2803989
-1.2156226 -0.040692223 1.5219257
-0.53770947 -0.020109023 2.2085113
-0.51175455 -0.039914605 1.4500382
-1.2895698 -0.012768838 2.4207491
-1.2636148 -0.03257442 1.6622759
0.44939017 0.80469724 -0.085164871
0.44973416 0.22935023 1.317693
0.33517562 0.81633497 0.030418749
0.33551961 0.24098796 1.4332766
0.85794318 0.87360055 -0.1838448
0.85828717 0.29825355 1.2190131
0.74372864 0.88523828 -0.06826118
0.74407262 0.30989128 1.3345967
0.41093687 0.60807419 0.39364237
0.61788939 0.55968845 1.2499542
-0.074737328 0.52878618 -0.82727708
0.13221519 0.48040044 0.029034695
-0.5952501 0.23333956 0.56701569
-0.38829759 0.18495381 1.4233275
-1.0809243 0.15405154 -0.65390377
-0.87397178 0.1056658 0.20240801
0.47558034 -0.022378864 -0.58125213
0.43351517 0.1537514 -0.57111151
0.37667186 -0.078226331 -0.38240916
0.33460669 0.097903929 -0.37226854
-0.12325456 0.59534707 -0.55369805
-0.16531974 0.77147733 -0.54355742
-0.22216304 0.5394996 -0.35485508
-0.26422822 0.71562987 -0.34471445
-0.28088988 0.27258179 0.57726088
-0.28177537 0.19049958 0.96303908
-0.22992234 0.31765756 0.061378349
-0.23080783 0.23557534 0.44715655
-1.2771312 -0.46886632 0.54205994
-1.2780167 -0.55094853 0.92783814
-1.2261637 -0.42379055 0.026177406
-1.2270492 -0.50587277 0.4119556
0.64965884 0.713899 -1.2758611
0.68874277 0.41448868 -1.1007397
-0.017417471 0.74945859 -1.1452271
0.021666457 0.45004826 -0.97010574
1.3451825 0.69925296 -1.2372627
1.3842664 0.39984264 -1.0621413
0.67810614 0.73481255 -1.1066287
0.71719007 0.43540222 -0.93150736
-0.1470083 1.1596296 -0.19979069
-0.24689413 -0.045440438 0.80143782
-0.48590821 1.2176495 -0.96047505
-0.58579405 0.012579459 0.040753462
0.11640598 0.97458827 -0.15506099
0.016520148 -0.23048176 0.84616753
-0.22249393 1.0326082 -0.91574535
-0.32237977 -0.17246187 0.085483168
0.47518737 1.6237892 0.87626045
0.50988279 1.3132935 1.5231508
-0.56010917 1.5263364 1.1487482
-0.52541375 1.2158407 1.7956385
0.8052323 1.6395926 0.86648795
0.83992772 1.3290969 1.5133783
-0.23006423 1.5421398 1.1389757
-0.19536881 1.2316442 1.785866
0.12327106 0.080213375 -0.50366593
0.14303181 -0.19011999 -0.81354844
1.2505453 0.028438562 -0.49679212
1.2703061 -0.2418948 -0.80667463
-0.67806185 1.184775 -0.46267667
-0.65830109 0.91444162 -0.77255917
0.44921242 1.1330002 -0.45580286
0.46897318 0.86266681 -0.76568536
0.057950691 -0.34028597 -0.7191907
0.030315906 0.14937821 -0.42533239
0.78955307 -0.30956273 -0.54597481
0.76191828 0.18010145 -0.25211649
-0.22518005 -0.46576746 -0.73591796
-0.25281483 0.023896717 -0.44205964
0.50642233 -0.43504422 -0.56270206
0.47878754 0.054619962 -0.26884375
0.14380723 -0.8719765 0.48422121
0.19889751 -0.93101869 0.49825059
0.34399587 -0.79707195 0.23173059
0.39908615 -0.85611414 0.24575997
0.24492862 -0.53721795 0.42166964
0.3000189 -0.59626014 0.43569902
0.44511726 -0.4623134 0.16917902
0.50020754 -0.52135559 0.1832084
0.65749198 0.59999002 -0.45938387
0.75664772 0.22100034 -0.5237366
0.51341502 0.52642387 0.51132506
0.61257077 0.14743418 0.44697232
0.84468573 0.028176548 -0.63586649
0.94384148 -0.35081314 -0.70021922
0.70060878 -0.045389604 0.33484244
0.79976452 -0.42437929 0.27048971
-0.37313026 -0.81652302 0.96417319
-0.36623154 -0.36353007 1.1464232
-0.51676628 -0.94866948 0.87498484
-0.50986757 -0.49567653 1.0572349
-0.74342238 -0.47919837 0.98186102
-0.73652367 -0.02620542 1.1641111
-0.8870584 -0.61134484 0.89267267
-0.88015969 -0.15835189 1.0749227
0.14792075 0.12460869 0.30539264
0.13428219 -0.94639379 -0.70238671
0.076303879 0.10472133 0.18920948
0.062665315 -0.96628115 -0.81856988
-0.0071335611 -0.028005245 0.26763262
-0.020772125 -1.0990077 -0.74014674
-0.078750432 -0.047892599 0.15144945
-0.092388995 -1.1188951 -0.85632991
1.4091511 -0.79872168 -1.0643305
1.3815929 -0.30486227 -0.50748853
1.0693594 -0.83841954 -0.67284153
1.0418012 -0.34456013 -0.1159996
1.2621861 -0.4932935 -1.1225977
1.2346278 0.00056591086 -0.56575573
0.92239436 -0.53299136 -0.73110873
0.89483609 -0.039131949 -0.1742668
-0.9423839 0.74183491 -0.53405102
-1.0313677 0.066349113 -0.8276361
-1.3900497 0.70922871 -0.91129309
-1.4790335 0.033742914 -1.2048782
-0.13641764 1.1957592 -0.66487692
-0.22540144 0.52027341 -0.958462
-0.58408347 1.163153 -1.042119
-0.67306727 0.48766721 -1.3357041
1.0320914 -0.83249749 0.054880069
1.040087 -0.70644822 0.18120683
0.42745938 -0.83046255 0.041542327
0.43545493 -0.70441328 0.16786909
0.67619881 0.23759422 0.051939093
0.68419436 0.36364349 0.17826586
0.071566797 0.23962916 0.038601351
0.079562347 0.36567843 0.16492812
-0.61533681 0.60125276 0.72914965
-0.64636545 1.119117 0.54275314
-0.19656321 0.55049737 0.21402615
-0.22759186 1.0683616 0.027629646
0.22635146 0.70961905 0.63665976
0.19532281 1.2274833 0.45026325
0.64512505 0.65886365 0.12153626
0.6140964 1.1767279 -0.064860245
-0.27542747 0.18698677 -0.34705284
-0.24322129 -0.77086562 -1.0614379
0.087475914 0.23241647 -0.044485286
0.11968209 -0.72543592 -0.75887037
0.41388717 0.98147119 -0.43597439
0.44609334 0.023618793 -1.1503595
0.77679055 1.0269009 -0.13340684
0.80899673 0.069048493 -0.84779192
-0.30753578 0.29189794 0.8853322
-0.34331716 -0.84749628 0.33611691
-0.69435936 0.30718965 1.2072924
-0.73014074 -0.83220457 0.65807711
-0.39362014 1.0004199 0.88482381
-0.42940153 -0.13897436 0.33560851
-0.78044373 1.0157116 1.206784
-0.81622511 -0.12368265 0.65756871
-0.041605405 -0.35356653 -0.40295937
-0.2179444 0.44057495 -0.22770145
1.1252276 -0.43085466 0.040614789
0.9488886 0.36328682 0.21587271
-0.98415339 -0.56013885 -0.37060183
-1.1604924 0.23400264 -0.19534391
0.18267961 -0.63742698 0.072972324
0.00634062 0.1567145 0.24823024
1.0485544 -0.50992098 0.77623314
1.1075597 -0.23505417 1.4611645
1.0040241 -0.60607049 0.16524496
1.0630294 -0.33120369 0.85017634
0.45927153 0.78043957 0.83875023
0.51827679 1.0553064 1.5236816
0.41474122 0.68429006 0.22776204
0.47374649 0.95915686 0.91269343
0.59298926 -0.69625435 0.49897756
0.66030066 0.22639798 0.27781025
0.47545041 -0.59909188 1.4027444
0.54276181 0.32356045 1.1815771
-0.66821998 -0.40684331 0.2507087
-0.60090858 0.51580901 0.02954139
-0.78575883 -0.30968084 1.1544755
-0.71844743 0.61297148 0.93330823
1.0293398 0.93880083 -0.019793962
1.0320887 0.97339315 -0.021560782
1.0326492 0.93997677 -0.018744082
1.0353981 0.97456908 -0.020510902
-1.0825522 -1.0126407 0.035239419
-1.0798033 -0.97804837 0.0334726
-1.0792428 -1.0114647 0.036289299
-1.0764939 -0.97687243 0.03452248
-0.88469106 1.0159987 0.68167715
-0.98289664 -0.29865103 0.52234773
-0.98816788 0.93426176 1.0790405
-1.0863735 -0.38038801 0.91971112
-0.55505545 0.87759202 0.73959589
-0.65326103 -0.43705775 0.58026647
-0.65853226 0.79585504 1.1369593
-0.75673784 -0.51879473 0.97762986
0.26426057 -0.59365094 -0.79000278
0.30013905 -0.68466459 0.044634467
-0.33942259 -0.65540652 -0.86096827
-0.30354411 -0.74642017 -0.026331023
0.059475281 -1.1950154 -0.69884045
0.095353758 -1.286029 0.1357968
-0.54420788 -1.256771 -0.76980594
-0.5083294 -1.3477846 0.064831312
0.90984596 -0.76563165 0.4353171
1.1008502 -0.5030445 0.41129562
0.65419949 -0.73825711 0.78878779
0.84520375 -0.47566997 0.76476631
0.67611757 -1.3907775 0.55790175
0.86712182 -1.1281903 0.53388027
0.42047109 -1.363403 0.91137244
0.61147535 -1.1008158 0.88735096
-0.29490707 1.5422763 0.017592069
-0.31792346 1.6068226 0.29451261
-0.95877796 1.6101312 0.33184699
-0.98179435 1.6746775 0.60876753
0.52647432 1.2350276 -0.13839146
0.50345793 1.2995739 0.13852909
-0.13739657 1.3028825 0.17586347
-0.16041296 1.3674288 0.45278401
-0.93723343 -0.57673335 -0.45855605
-1.0181004 0.55624469 -0.66582843
0.47761734 -0.60815598 -0.86823629
0.39675034 0.52482207 -1.0755087
-0.4744666 -0.61609538 -0.50213948
-0.5553336 0.51688266 -0.70941187
0.94038417 -0.64751801 -0.91181973
0.85951717 0.48546004 -1.1190921
-0.63784982 0.067768506 0.035201882
-0.63948765 0.10421131 -0.65838105
0.067445083 0.10343204 -0.02357281
0.065807258 0.13987485 -0.71715574
0.49373808 -0.19235087 0.06877694
0.49210025 -0.15590807 -0.62480599
1.199033 -0.15668733 0.010002249
1.1973952 -0.12024453 -0.68358068
0.35148632 -0.65912858 -0.13833836
0.44094492 -0.3744687 -0.16352522
0.25638379 -0.6129441 0.60403951
0.34584239 -0.32828422 0.57885265
0.0039643623 -0.53525713 -0.12488793
0.093422963 -0.25059725 -0.15007479
-0.091138166 -0.48907264 0.61748994
-0.0016795646 -0.20441276 0.59230308
