0.21082913457266123 0.0011612476986273706 0.03715753917224868 2.4365972175833662e-05
0.21760677492085306 0.0013434355192463653 0.03681284985351037 2.427039602760393e-05
0.20489441796520974 0.0011001116658778496 0.03715529300332046 2.3414725396325615e-05
0.21299696007129684 0.0012104838958321366 0.0371390798565306 2.431960543206657e-05
0.21755077222516875 0.0012704268141874504 0.03751618359342083 2.4846347016023747e-05
0.21109673200178847 0.0011418900041952726 0.03776847047113889 2.4748623907417796e-05
0.20954184924906033 0.0012112078081086904 0.036816126124212326 2.3512195207622895e-05
0.2175847745182563 0.0012745238639127255 0.03785626074652036 2.5310492831094185e-05
0.18853140598386509 0.0008803504389600852 0.03623361075805105 2.1924809595790034e-05
0.21047835177932123 0.001270959411454121 0.03609059683696775 2.3029976429895522e-05
0.21113634094654218 0.0011144141506109948 0.038535546057968745 2.577832175025206e-05
0.2109993867060338 0.001208791727031874 0.037392558680915115 2.4912248080082435e-05
0.21076447484812713 0.0012170211612673493 0.0368736270206796 2.36760983639213e-05
0.22176844623504327 0.0013072676858320738 0.03763698122232392 2.5196623763327855e-05
0.21228229353489908 0.001282575761212157 0.03685650277150179 2.3909922911409714e-05
0.21554671037976 0.0012402968150516233 0.0377908094415159 2.5107010773329123e-05
0.20997091289653244 0.0011467338357166994 0.037617529417675155 2.472444221090395e-05
0.20143312193963525 0.0011013082285713778 0.03646430346325212 2.302751489013213e-05
0.21948652507080285 0.0011896836518402684 0.03831024151867806 2.5618437510418964e-05
0.2124494396366665 0.0012752205405569999 0.03667711549344305 2.3643339738219765e-05
0.20655731499233998 0.001132328983658549 0.036982618781362525 2.3536193994975337e-05
0.21582924427373157 0.0012462510492612779 0.03728226816200482 2.428368430541236e-05
0.1957430110143225 0.0010643192966163703 0.03625955609689793 2.2769564382268078e-05
0.2162598237864477 0.0013007634856809177 0.03705174963067549 2.4546684976700853e-05
0.21438416770861074 0.0011673174118229518 0.03760333185129963 2.4981805201261343e-05
0.21886874249121926 0.0012789525398733857 0.03720613474812526 2.484151316773367e-05
0.19916611493726438 0.0009830903860946674 0.03756669856162731 2.4090119264167167e-05
0.20970825929503326 0.0012202729860625837 0.03709786308982813 2.394467896543248e-05
0.2186671982190666 0.0013177434532571175 0.03687749746231708 2.430922178958231e-05
0.2017248723140137 0.0010867682650932751 0.036454936369308535 2.2620003525279454e-05
0.20296377786117692 0.0010845113118892824 0.036845274423039705 2.361288563892897e-05
0.20962443354272164 0.001185872081653677 0.03681229541617662 2.394146778295268e-05
0.22121617384730205 0.0013674735238279462 0.0375157307375132 2.5111355017307013e-05
0.2133798276077974 0.001238598008983439 0.03686103174272488 2.4003766794674875e-05
0.2164259925160663 0.0011973954005727724 0.038176250839422436 2.5133575827460704e-05
0.21605724911002533 0.0012985901467679898 0.036814037327903976 2.3748334880007883e-05
0.2083786544299798 0.0011241405780134574 0.03731275969207473 2.4224308174674802e-05
0.20669281443953863 0.0011593564736212655 0.03678118920733617 2.3498881518288525e-05
0.21220005224360328 0.001141426953934985 0.03768788267173821 2.4588201314763514e-05
0.20861544945643812 0.0011692275053373858 0.03646731892678754 2.3295793108513552e-05
0.22441873083950936 0.0013394251083786238 0.038015576835761386 2.580165570991828e-05
0.2184425039428638 0.001291414673123663 0.03741373558447331 2.4818035353204575e-05
0.20158997543357093 0.0010561932127720556 0.036207077756019786 2.25101932683207e-05
0.20740651131580543 0.0011295129738317295 0.03685260562004459 2.4012046850863192e-05
0.2088569446839748 0.00115914526861808 0.037109965865561895 2.4010811552695094e-05
0.2154869998868176 0.0012417204691837786 0.03733042360713232 2.4560904202192834e-05
0.20734202539182486 0.0011629428035414787 0.03661788183604753 2.341227124892012e-05
0.20549392048778936 0.001126162885501226 0.03722600985137944 2.4064170628112658e-05
0.21767948938137346 0.0013325845151805817 0.03720536418867831 2.4290588955937703e-05
0.2173878550141315 0.001232325229134155 0.037539020303978814 2.4701133091243206e-05
0.20661937310533057 0.0011510114187056164 0.03700720066657976 2.3885233110784405e-05
0.2214613794079866 0.0014136266055467415 0.036929171374007724 2.428054866124916e-05
0.21187260231341565 0.0012081085783725194 0.037175768161987775 2.4081314641722347e-05
0.20676310253754906 0.0011399911891013356 0.03630831130453363 2.3392269773728763e-05
0.21677141047592707 0.0012751710235158792 0.036812223902777566 2.4361877252440106e-05
0.21841758725246885 0.0012269087601628269 0.038347974571502685 2.61749283356015e-05
0.20394950928682012 0.0010950566099739282 0.036727656456901535 2.303312959695154e-05
0.20857132638909542 0.0011889778866350815 0.037078229480444536 2.3953641341245376e-05
0.20864890589280127 0.0012057528312772359 0.03648527864646546 2.3449949736755872e-05
0.21830898925902942 0.0013021969252968476 0.038107541494268704 2.5470696983775496e-05
0.22013579206666517 0.001363841200037276 0.03716315386456769 2.473936128451754e-05
0.22411220127322493 0.0014333484397048755 0.03758198444262863 2.5843834188426665e-05
0.20439182806167874 0.0010906708016838972 0.0365622267259679 2.3045850985374426e-05
0.21470358208589652 0.0011868401125863545 0.037750525682715266 2.4686722561586912e-05
0.21429637932891635 0.0012105503400519826 0.03759026755328732 2.4835549921122174e-05
0.217410693306394 0.0013763681797238961 0.03705837092447914 2.4737078040574166e-05
0.21577121177291542 0.0012877772254432029 0.037493345577679214 2.4725712013131795e-05
0.21132473454130252 0.0012236158720579965 0.03671339284291003 2.3981873532497604e-05
0.20847071957775254 0.001170156348567112 0.0362287461642415 2.2898914404365503e-05
0.2194433735744774 0.001373123671104804 0.03681152533174606 2.4426839496676662e-05
0.21368171955229476 0.0012478962247178269 0.03716168126168529 2.4118397298006585e-05
0.21751323925556448 0.00131227410546598 0.037121000827265896 2.421644288130135e-05
0.21046292951885887 0.0012130270531278992 0.036312235108120094 2.3213325544703424e-05
0.2109957930631121 0.0011824246178380729 0.036870275218042814 2.3603625441143514e-05
0.213784838617607 0.0011995023054482408 0.036911216832798036 2.3671082489968677e-05
0.2162535813521436 0.0012814142706650952 0.037002695385885465 2.4159413724131323e-05
0.21972926195031622 0.0012905796685847332 0.03722510406426132 2.448284467594497e-05
0.21005357675573466 0.0011412263230433858 0.03749871048451214 2.42045379078013e-05
0.2139797478956491 0.001298274955794596 0.036684068550131385 2.391944355143366e-05
0.21695934993525745 0.0012853269914467713 0.03707708718583318 2.42742213690681e-05
0.20669340756000712 0.0011603096505760078 0.03703400335471784 2.370306041712002e-05
0.2114411747983817 0.0012174983403057844 0.037019031100292504 2.4565477608526363e-05
0.20872480035870866 0.0011403428343229045 0.03683683465676872 2.380728314114999e-05
0.21949006871128085 0.0012910769770361423 0.03704274822658157 2.4331195676972734e-05
0.20968254627257593 0.0011603803995774967 0.03657846559524503 2.352955495448706e-05
0.21260589862574553 0.0011997383260474782 0.037592833848569276 2.4311881303492784e-05
0.2141098695011922 0.0012199333582257003 0.03737148072844339 2.507415091216684e-05
0.21680707660750603 0.0012814943095984526 0.03730630220238425 2.442339658045834e-05
0.2113131932365678 0.001229680240178783 0.03634912243899649 2.3096122662963693e-05
0.21429493721569187 0.001181905981912703 0.03777566304234095 2.5057277961957346e-05
0.20366206828738526 0.001110940671933358 0.03678085546648453 2.3534548747917998e-05
0.2150400856263031 0.0012327680293440606 0.037336572030725414 2.4391432962778223e-05
0.21217133825740575 0.001212573422237643 0.03761828324095397 2.5190996906461442e-05
0.2210197108532685 0.0013312698284884076 0.037218969782936415 2.4988094234857255e-05
0.21399535342846193 0.001215764897714561 0.03719756160624822 2.4120141440807074e-05
0.2149582355396183 0.0011610521343044023 0.0383173335994303 2.5291102937806424e-05
0.20929883575916386 0.0011969668503144354 0.03709092496333535 2.4135717390781472e-05
0.2127932249089093 0.001180925066229923 0.037694597559902045 2.461963591627161e-05
0.2224206540518563 0.0013815512031333248 0.03724830001977403 2.4823437952073433e-05
0.2156497867261321 0.0011923142850392438 0.03863292433272583 2.6356876886867297e-05
0.2148956269811342 0.0012055960561174167 0.03708823197919824 2.4413334688744396e-05
0.21112336048188646 0.0012136263538221966 0.037011841277879536 2.396813875471726e-05
0.1882212853511367 0.000899992243710815 0.03639149790768912 2.2091384812025854e-05
0.2122407975149208 0.0011813847487206668 0.037765833766917764 2.4269071408583264e-05
0.21127971032376514 0.0011261030984903375 0.03685479616329977 2.3802538003261695e-05
0.21404121973174445 0.0011096113865415897 0.03848255503358764 2.6004211296256307e-05
0.21463211740429483 0.0012383273917818368 0.03762118901155525 2.5266545463377555e-05
0.21808647688655297 0.0012861494866843288 0.03737006574146175 2.4360665818112603e-05
0.21686702301505412 0.001244704093040963 0.037435812081531114 2.4604331574001447e-05
0.19546206862080945 0.0010071842293047758 0.036585260287012 2.3094462812001806e-05
0.21991390830212432 0.0013191667584633074 0.03740070749030628 2.4943061260576874e-05
0.21126844455977944 0.00115572367293351 0.03695926235233552 2.3691981822173134e-05
0.20671657039729535 0.001080119450399841 0.03752935519753974 2.4013487055305194e-05
0.21395450174091685 0.0012760524431563698 0.03715450733453654 2.469475196506937e-05
0.20910169342742202 0.0011491135136499143 0.03674990785655152 2.3503925899597243e-05
0.21756808941908257 0.0012665636634992458 0.03737900952577908 2.5051541229407603e-05
0.21480925946659893 0.0012246382718379915 0.03723636666975823 2.4748040963787142e-05
0.2152860444588374 0.001270799579485284 0.03710260065885632 2.44365800049421e-05
0.20854941939650345 0.001171798425948854 0.0368408829015229 2.3577091417048063e-05
0.20054776211264172 0.001027568809986872 0.036671736826336176 2.307024846757622e-05
0.21973941186460977 0.001287366477271182 0.037965113421317816 2.5497297699243403e-05
0.21893161448552706 0.0013408620696048323 0.037440777383140555 2.445200377777042e-05
0.22147096460514326 0.0013398920208759612 0.037930378056610356 2.5528293590724103e-05
0.21433541843074128 0.001185942167993772 0.03794772949958713 2.4994896073905396e-05
0.21491882466563844 0.0012107796527935813 0.03736218087264975 2.4166407818061583e-05
0.22053295197394862 0.0013219671057681992 0.037606535669674486 2.5387628028846755e-05
0.2182189757060995 0.0012512506358797228 0.03803656688138728 2.5277309787837495e-05
0.21712067102016297 0.0012934580777347717 0.03730424225651011 2.4309618218556575e-05
0.2126921571759094 0.0012205102166385306 0.037134504151310345 2.4110663991010186e-05
0.20817106900871418 0.001191483947499515 0.03694420704568772 2.4169757248688395e-05
0.2195901285129569 0.0012690321722607198 0.038095118162997356 2.586610241324767e-05
0.20484038330337623 0.0010832441965510087 0.03703138141189921 2.3398370450562355e-05
0.21727219779798634 0.0013235637070155332 0.03700984875543327 2.443461787167537e-05
0.2192159438747055 0.001282684132914144 0.03731812348497554 2.4536794262091478e-05
0.21577724916148527 0.0012244918968640933 0.038022058699908504 2.5657010100732996e-05
0.20025646412609338 0.001038237310662818 0.03725525933604987 2.400809323219496e-05
0.20373544993144171 0.001104296449921268 0.036654579520318906 2.3119481541143162e-05
0.2129344920797661 0.0012277906738777907 0.03698443655813209 2.3908869236806322e-05
0.2194350317512188 0.001303075849596476 0.037183803010195755 2.4797878639844475e-05
0.21279567197370675 0.0011809103991845833 0.03803406295728437 2.550598687387292e-05
0.2168889733772094 0.0012595611260268532 0.037391432299324616 2.4540976803143388e-05
0.2162874663136108 0.0012231825217278842 0.03808073991359899 2.558174439578864e-05
0.2128507356739444 0.0011904278771490018 0.037089584462691096 2.3957574876305428e-05
0.21475488879197535 0.0012471249891726002 0.037576402843069526 2.4935394693555733e-05
0.21271239650633095 0.001169254309686606 0.03740272659759391 2.447697524390801e-05
0.1929658140379285 0.0009024709719044094 0.03722379720020507 2.3450786249380812e-05
0.21725892139958852 0.0012738304279537416 0.0370058951061492 2.4283702240286305e-05
0.2207593985392876 0.0013089014205439466 0.03728779748236726 2.474080779434176e-05
0.21892421003901663 0.0013481650506557042 0.03703323302528739 2.418573067601457e-05
0.1958917388057087 0.0009754995479532545 0.036366243399609845 2.2437914123642957e-05
0.20472014669263566 0.0011440657141830444 0.036697033666284753 2.3596764714277676e-05
0.21707964249491388 0.0011652402434328673 0.03819717844929466 2.5543872789676248e-05
0.21127129374496723 0.0012548658110678084 0.03628255839738234 2.270240968964031e-05
0.21920000471467777 0.0012186202788330666 0.03845063875792365 2.6063272211267058e-05
0.2170950994628904 0.0012685123054304915 0.03709456862251434 2.4435439151885106e-05
0.20044940447971832 0.001036813380667355 0.03737552941167267 2.413580755638233e-05
0.2106149154539308 0.0011556321561449526 0.03696636094698649 2.3311267724060966e-05
0.21792227824654972 0.0012372840417502165 0.037646476783368535 2.497458965219815e-05
0.20028324003595283 0.0010844227191083686 0.036514392515319724 2.330065335384244e-05
0.1908803659150533 0.0009114741327039073 0.03664724319376364 2.269535105015202e-05
0.21174618940419676 0.0011509501893159158 0.03822306482768838 2.553736557057496e-05
0.20441373011777586 0.0010957483271482266 0.03744367675924132 2.433707415963927e-05
0.21837568149860576 0.0013173845665193696 0.03705036262674445 2.4232246079565505e-05
0.2117473062790341 0.001151089451179862 0.03797257276947074 2.5243890941989952e-05
0.21416198290326646 0.0012099414387032278 0.03762354212984903 2.4763317094408978e-05
0.21257341338799737 0.0011915918711206724 0.037755968083902955 2.514296464910106e-05
0.20641610189939724 0.001129456201117321 0.03640097942139073 2.299060107096591e-05
0.2079008104273519 0.0011669388556510237 0.03706127723039469 2.4383873917461102e-05
0.19506332912310076 0.0009755635506664105 0.03655358640871122 2.2938835683171415e-05
0.20939232296340093 0.001193779302572976 0.03683834663885236 2.40555567077813e-05
0.2194030976769024 0.00128035776032682 0.03804730514759254 2.5657072408153937e-05
0.1885570867923227 0.0008838475454401055 0.036714563123103866 2.2690508242972022e-05
0.22399772913297175 0.0014065016128306674 0.037244986321564255 2.4902765623832114e-05
0.2153611110959302 0.0013187873118775469 0.03696420782557587 2.4547283379855477e-05
0.21868489343224998 0.001267071603297107 0.03781302009970763 2.484063101754186e-05
0.21869001685693176 0.0012984805415219478 0.037204573663852464 2.4735551830570208e-05
0.21230444507409452 0.0011378560460337142 0.037658372616072244 2.4748698654247835e-05
0.2173365126125747 0.0012053240942413663 0.038085445935885046 2.5276966527530482e-05
0.21222390663026114 0.0012121314035326567 0.03728815270361641 2.4424069685277204e-05
0.21924175762712622 0.0012761261858647809 0.03750305478390024 2.5079511309462006e-05
0.21572158124085133 0.0013072269250756273 0.037129188242002356 2.4183831796582156e-05
0.21281653349974172 0.001215155470578467 0.03709948631827696 2.421315648547065e-05
0.21438608534355857 0.0012334492884088454 0.03696637789452807 2.4469562679164427e-05
0.21760104492372145 0.001286731479721105 0.0379482283646787 2.5006065651625447e-05
0.20297704048320478 0.0010395975059544964 0.03750902148108644 2.4511976157549557e-05
0.21984564355030614 0.0012284454444201043 0.03818135428273842 2.560157789445576e-05
0.2038586047728907 0.001128119666939647 0.03667818634634532 2.3017113365975444e-05
0.20798263067393544 0.0011437070644815446 0.036922653453970875 2.3783307521756275e-05
0.21284485289261448 0.0011758464276526912 0.03805765686237447 2.5378876159188756e-05
0.2072767480323876 0.0011327344172838132 0.036869203814306625 2.3625255888842987e-05
0.21085817079033925 0.0011711167692630459 0.03753409657394925 2.4243716988233685e-05
0.2063615385457514 0.0011965790051483415 0.03627867443637793 2.3278991945010794e-05
0.2142771536859947 0.0013110473892333704 0.03595761964437274 2.2453064534178464e-05
0.21661260979481217 0.001210241789945621 0.037879863198453566 2.505379322991636e-05
0.21962686217616345 0.0012314099077319703 0.03820299254150465 2.5869228374495536e-05
0.2071689546686573 0.0011705307691706119 0.03738417756219875 2.4100370943546936e-05
0.2151770747896193 0.0012040544796677927 0.03780575070450018 2.4732979341993684e-05
0.21378997253511625 0.0011868403661816007 0.037669212974456724 2.4590877760556957e-05
0.20791281560036348 0.0010624456806857978 0.03802166849847113 2.4906496943192402e-05
0.21683813611932065 0.0012894019892437266 0.037109298022829945 2.477658718813231e-05
