0.24750097496866177 0.12865914615487847 0.03715753917224868
0.2532634892227472 0.1246040346463769 0.03681284985351037
0.24339258797261762 0.1290843012840413 0.03715529300332046
0.24951816953667383 0.1255276141822782 0.0371390798565306
0.2535173626411705 0.12690397625001806 0.03751618359342083
0.24820784089593118 0.12155260935345495 0.03776847047113889
0.24728553651649093 0.12513171860479236 0.036816126124212326
0.255139486947501 0.12012872203817837 0.03785626074652036
0.2264180085455931 0.1357015725175516 0.03623361075805105
0.24694916296000163 0.13373236496344454 0.03609059683696775
0.24979207506850004 0.11983756649292307 0.038535546057968745
0.24744945745577315 0.1228788687733217 0.037392558680915115
0.24727422401319057 0.1258410318948967 0.0368736270206796
0.25682002566033246 0.12505645230665718 0.03763698122232392
0.24790381207304157 0.13203330893610837 0.03685650277150179
0.2535113962886507 0.12394217663159438 0.0377908094415159
0.24710874154823712 0.12532835809791895 0.037617529417675155
0.23816871244951496 0.13620854086252163 0.03646430346325212
0.25564864310507723 0.1226708502684491 0.03831024151867806
0.24875616714738621 0.13066276974087654 0.03667711549344305
0.24465199760808282 0.12418258409051783 0.036982618781362525
0.25180473948851523 0.1234143034089509 0.03728226816200482
0.23312808411381664 0.13555205063803058 0.03625955609689793
0.25104990277041206 0.1271396774968938 0.03705174963067549
0.24957582198193434 0.12360621827584423 0.03760333185129963
0.25282999977489823 0.12313592028056376 0.03720613474812526
0.2377678199819093 0.12593574638531652 0.03756669856162731
0.24813248205679836 0.12869179136987308 0.03709786308982813
0.253949980512174 0.1269927042270973 0.03687749746231708
0.23977589950836872 0.13235191246100975 0.036454936369308535
0.23955041195949894 0.12806676571784353 0.036845274423039705
0.24573466161038504 0.1301495255527632 0.03681229541617662
0.2567912135806172 0.12271315885945647 0.0375157307375132
0.24899567249525673 0.12697348858580557 0.03686103174272488
0.25408894305609664 0.12095597229425731 0.038176250839422436
0.2532918705319772 0.12665254405914478 0.036814037327903976
0.24570084878445397 0.12087439699127102 0.03731275969207473
0.243750222480285 0.13102277705568943 0.03678118920733617
0.2482069340665095 0.12242944635554254 0.03768788267173821
0.2452019543378544 0.13006131531139561 0.03646731892678754
0.25943328457078135 0.12785744319797615 0.038015576835761386
0.2540854171749557 0.12510413060542389 0.03741373558447331
0.23818197663773072 0.13462475747549074 0.036207077756019786
0.24320897931229396 0.12692875788754515 0.03685260562004459
0.24485912521544886 0.13123866713227558 0.037109965865561895
0.2517940542101586 0.12256689962708826 0.03733042360713232
0.24457491529379527 0.13279091658144648 0.03661788183604753
0.24307238459245142 0.12576590105353702 0.03722600985137944
0.25578178477715274 0.12863564042949271 0.03720536418867831
0.25316845856241665 0.12514381969524857 0.037539020303978814
0.24405884183230267 0.13207519398533135 0.03700720066657976
0.25825626658291445 0.12838150028625256 0.036929171374007724
0.24846238866315745 0.12735625089485236 0.037175768161987775
0.24216706549915365 0.12749592459691134 0.03630831130453363
0.25159042733751347 0.12799072630838346 0.036812223902777566
0.2553825796845799 0.12219827404686245 0.038347974571502685
0.24241008368436912 0.12702955242393305 0.036727656456901535
0.24594360592997402 0.1299115997754581 0.037078229480444536
0.24573981232625514 0.1344227862513554 0.03648527864646546
0.2562645699501558 0.11884131076604265 0.038107541494268704
0.2546205034745398 0.12702336296371097 0.03716315386456769
0.25843800281019763 0.12910862947535295 0.03758198444262863
0.2408350001126776 0.12948996689181264 0.0365622267259679
0.2516792865201901 0.12318649028449258 0.037750525682715266
0.24967336950695848 0.12763632944815312 0.03759026755328732
0.25345995506241337 0.12283974900013511 0.03705837092447914
0.2528572374719425 0.12421548411967862 0.037493345577679214
0.24746471870245393 0.13001624044149912 0.03671339284291003
0.24432035677087452 0.13285857178668026 0.0362287461642415
0.2542977369192976 0.12935351336718917 0.03681152533174606
0.250724642057335 0.12282789954813192 0.03716168126168529
0.253668493100939 0.12025845563567586 0.037121000827265896
0.2473974909379319 0.1383564044654173 0.036312235108120094
0.24799438071380578 0.12967153622755487 0.036870275218042814
0.24997500973558062 0.12547070760731205 0.036911216832798036
0.25340885010901193 0.12768007931319 0.037002695385885465
0.25571080164015536 0.12534251750671047 0.03722510406426132
0.24686916061699662 0.12471080617156774 0.03749871048451214
0.24984610431158863 0.130623099037083 0.036684068550131385
0.2527120601810967 0.11954344428195235 0.03707708718583318
0.245048971311482 0.13303602220578636 0.03703400335471784
0.24656686266776834 0.12494209512802887 0.037019031100292504
0.24397629580415447 0.12651538579078603 0.03683683465676872
0.254978237334773 0.12915542573971275 0.03704274822658157
0.2441677456072204 0.12378574222798189 0.03657846559524503
0.25106383847141006 0.12127023688418426 0.037592833848569276
0.24857854270130053 0.12503837992463035 0.03737148072844339
0.25347223663520835 0.12238104521101656 0.03730630220238425
0.24734520389901898 0.12642254396531483 0.03634912243899649
0.25044343998799345 0.12379365702536249 0.03777566304234095
0.24087387928987836 0.12897927266750125 0.03678085546648453
0.2517660024655284 0.12317522690485531 0.037336572030725414
0.24895579102120724 0.1279769241397315 0.03761828324095397
0.25615002618751576 0.12813830389283243 0.037218969782936415
0.2500427463668765 0.12583011298785396 0.03719756160624822
0.2528821688858248 0.12012380174227746 0.0383173335994303
0.2461132704157144 0.1244813024280774 0.03709092496333535
0.248858384395048 0.1256672577335668 0.037694597559902045
0.25866931641101404 0.12584834396810723 0.03724830001977403
0.2525723080489249 0.12197310779253015 0.03863292433272583
0.24960858283506074 0.13200144023553487 0.03708823197919824
0.24734917790670574 0.12554472400843697 0.037011841277879536
0.2259883690422576 0.133503576320603 0.03639149790768912
0.25049473329553307 0.12416630275901487 0.037765833766917764
0.24618054212089793 0.12502367775525514 0.03685479616329977
0.25034102825272764 0.1250241152405817 0.03848255503358764
0.25033039598295503 0.12973153655620479 0.03762118901155525
0.2561450847506277 0.1254366315524763 0.03737006574146175
0.25285400473355013 0.12404998482759516 0.037435812081531114
0.2319748015513165 0.1366459773940926 0.036585260287012
0.25482871691782377 0.12352007193389776 0.03740070749030628
0.24666046535216257 0.12557719829013472 0.03695926235233552
0.2442771136656702 0.1207214430165133 0.03752935519753974
0.25004908339999055 0.13039825608548958 0.03715450733453654
0.24444998215766553 0.12815611772042096 0.03674990785655152
0.25192195102706244 0.12631528966699654 0.03737900952577908
0.2504184942756883 0.12676735985923568 0.03723636666975823
0.2510736927356558 0.12404717379760301 0.03710260065885632
0.24599981909271262 0.12660609861910524 0.0368408829015229
0.23782257424784753 0.13087346133146582 0.036671736826336176
0.2557339094736973 0.122241446949822 0.037965113421317816
0.25755636935673637 0.12482004274202922 0.037440777383140555
0.25820684143513145 0.12275714432633172 0.037930378056610356
0.251659546439349 0.11954112481300824 0.03794772949958713
0.2504330258698926 0.12685723732268356 0.03736218087264975
0.2555874041711703 0.1265930524940837 0.037606535669674486
0.25568535196123077 0.12414708462484475 0.03803656688138728
0.25394921110395685 0.1239325188492829 0.03730424225651011
0.24974764996900717 0.12161126242973025 0.037134504151310345
0.24518304137881747 0.13120716681149225 0.03694420704568772
0.25673680527287723 0.12479494364878913 0.038095118162997356
0.24220710627203457 0.12338392114557073 0.03703138141189921
0.2528640375203228 0.12465483157589316 0.03700984875543327
0.2542231865574069 0.12162305880818283 0.03731812348497554
0.2518889823377368 0.12426574059019763 0.038022058699908504
0.23751150272871246 0.12847038506767408 0.03725525933604987
0.24150806544277514 0.13094702488670834 0.036654579520318906
0.24951467390330181 0.1255193245258173 0.03698443655813209
0.25438850638036414 0.12651288081957213 0.037183803010195755
0.2498241485907643 0.12311531746319841 0.03803406295728437
0.25325083585144337 0.1264276545135267 0.037391432299324616
0.2526676480317984 0.12162420634311776 0.03808073991359899
0.24865358430251489 0.12334422161865267 0.037089584462691096
0.2516359197515555 0.1230957961839846 0.037576402843069526
0.24825525486932742 0.12378165276185282 0.03740272659759391
0.230481003143991 0.1313260141082606 0.03722379720020507
0.2514348853878825 0.12627631195021166 0.0370058951061492
0.25667166738829217 0.12879818243678848 0.03728779748236726
0.25509704975523495 0.126891079908602 0.03703323302528739
0.23346458336191567 0.132928472319572 0.036366243399609845
0.2408336135774902 0.12355261567713927 0.036697033666284753
0.25228254341520706 0.12608030516741509 0.03819717844929466
0.24903994339727775 0.1352273253584016 0.03628255839738234
0.25566807510051764 0.12133839342133929 0.03845063875792365
0.25221681293403 0.12368283852037598 0.03709456862251434
0.23844937878830108 0.13175947608411218 0.03737552941167267
0.247248469817007 0.12539594919945024 0.03696636094698649
0.2525240085926582 0.12452770162640339 0.037646476783368535
0.2369220344030693 0.13469051007984445 0.036514392515319724
0.2283343442138173 0.13391942313814764 0.03664724319376364
0.24934809412559905 0.12053940936983605 0.03822306482768838
0.24344635695182865 0.13135367385895785 0.03744367675924132
0.25445661330277747 0.12343009403815658 0.03705036262674445
0.24872694589576405 0.12276213030755259 0.03797257276947074
0.25156306203442136 0.12247404067880677 0.03762354212984903
0.24874411529165574 0.11876437226515218 0.037755968083902955
0.2427094645761867 0.12415717028767498 0.03640097942139073
0.2435196081448625 0.12196521311482061 0.03706127723039469
0.23290574759838636 0.1377284109460048 0.03655358640871122
0.2451879555669465 0.12016050945747718 0.03683834663885236
0.25642670793946204 0.12074728222667451 0.03804730514759254
0.22648809311834356 0.13562463396236088 0.036714563123103866
0.2596774198261601 0.12819145075163108 0.037244986321564255
0.25123038346312737 0.12539848035229428 0.03696420782557587
0.2559815141195182 0.11968084945737155 0.03781302009970763
0.2543214337868923 0.12462348937592213 0.037204573663852464
0.24708836471290652 0.1269798749130443 0.037658372616072244
0.25371500633601207 0.12269927029920295 0.038085445935885046
0.2501599673539497 0.12174931200243697 0.03728815270361641
0.2534065987106988 0.12736375312090376 0.03750305478390024
0.2535240727556645 0.129934025213178 0.037129188242002356
0.24974592672161156 0.13053763006551206 0.03709948631827696
0.24808872463455456 0.12893819475654872 0.03696637789452807
0.2552356128264798 0.11895999156702114 0.0379482283646787
0.23939887689784903 0.12603383028120402 0.03750902148108644
0.2567053738601109 0.12236056744652477 0.03818135428273842
0.24219267248517462 0.12757103386764138 0.03667818634634532
0.24494190673134342 0.12744725730636167 0.036922653453970875
0.24971350609693277 0.1193693083035846 0.03805765686237447
0.24303840828402568 0.13455642071607693 0.036869203814306625
0.2482805668092341 0.123046832395718 0.03753409657394925
0.2426014614102196 0.13289473515555228 0.03627867443637793
0.25267721757277095 0.13845094365321875 0.03595761964437274
0.2533012005292859 0.12448945213280929 0.037879863198453566
0.25535692614049466 0.1233696664769028 0.03820299254150465
0.24616388120709112 0.1291549333011742 0.03738417756219875
0.2537498210669791 0.12272684353734936 0.03780575070450018
0.250979176772793 0.12231715992234965 0.037669212974456724
0.24402403196515987 0.12067949562903689 0.03802166849847113
0.25183875653000004 0.12953355524271576 0.037109298022829945
