0.0011722470415839437 0.0001527948562854533 2.4365972175833662e-05
0.0013549910645212237 0.0001401928420233043 2.427039602760393e-05
0.0011133072754243027 0.00016941608405866555 2.3414725396325615e-05
0.001222682378942926 0.00014703085161733436 2.431960543206657e-05
0.0012813136138211092 0.00014789285080551564 2.4846347016023747e-05
0.0011548496427011893 0.000137067682798993 2.4748623907417796e-05
0.0012240744026945811 0.00014119586528812709 2.3512195207622895e-05
0.001288088058454861 0.0001246440350186491 2.5310492831094185e-05
0.0008921666519901296 0.0001946556279189297 2.1924809595790034e-05
0.001282008063896632 0.00017612717478385697 2.3029976429895522e-05
0.001129225144726 0.00013432152457690157 2.577832175025206e-05
0.0012219948120658158 0.00013044277272121837 2.4912248080082435e-05
0.0012297440410820532 0.0001496362838485563 2.36760983639213e-05
0.0013184828138921914 0.00014651569344157543 2.5196623763327855e-05
0.0012935493490167191 0.00017011274079989358 2.3909922911409714e-05
0.0012544861151526322 0.0001355115483599893 2.5107010773329123e-05
0.0011597356030557527 0.00015405307366562825 2.472444221090395e-05
0.0011124152869262378 0.00019356440476060472 2.302751489013213e-05
0.0012019050080078028 0.00013924698893057799 2.5618437510418964e-05
0.001286443615707305 0.00016830673569964783 2.3643339738219765e-05
0.0011454560237310184 0.00014000684812243987 2.3536193994975337e-05
0.0012577279645640993 0.00013966774061835994 2.428368430541236e-05
0.0010761848943851777 0.00017246264941119422 2.2769564382268078e-05
0.0013113689728395865 0.00014777105722788112 2.4546684976700853e-05
0.001178342792988963 0.0001354178980167983 2.4981805201261343e-05
0.0012889119945233122 0.00013178357991238987 2.484151316773367e-05
0.000996569069057887 0.00015180864861620848 2.4090119264167167e-05
0.001233498857489248 0.00015438708964479235 2.394467896543248e-05
0.001327882180656277 0.00015025120828515598 2.430922178958231e-05
0.0010990100282523441 0.00018424211025942316 2.2620003525279454e-05
0.001096640099759019 0.00015617757704534368 2.361288563892897e-05
0.0011973960881578889 0.00015596715514655854 2.394146778295268e-05
0.0013793174570065066 0.00013452710220150736 2.5111355017307013e-05
0.0012496825283207194 0.0001477004759782857 2.4003766794674875e-05
0.0012112505600463614 0.00013324399802196955 2.5133575827460704e-05
0.001310595937666996 0.00015045767172772298 2.3748334880007883e-05
0.0011370724349525569 0.00012559564561489625 2.4224308174674802e-05
0.001170721385315267 0.0001663972155284124 2.3498881518288525e-05
0.0011537337822319564 0.00013432489265368901 2.4588201314763514e-05
0.001181579764593114 0.00016206152311107547 2.3295793108513552e-05
0.0013505193763774905 0.00016524021675161583 2.580165570991828e-05
0.0013029887905727242 0.0001468703086441339 2.4818035353204575e-05
0.0010669183282572931 0.00018521514169295242 2.25101932683207e-05
0.0011409137163126784 0.0001479343748694679 2.4012046850863192e-05
0.0011704483189599261 0.00016464947988257804 2.4010811552695094e-05
0.0012540850484392785 0.0001344198193717169 2.4560904202192834e-05
0.0011745670577561096 0.000176112440434188 2.341227124892012e-05
0.0011386589964198243 0.00014318686522984692 2.4064170628112658e-05
0.0013455090517123232 0.00015880899077336534 2.4290588955937703e-05
0.001243568721997918 0.00014328945711328072 2.4701133091243206e-05
0.0011633262736401998 0.0001692902419024183 2.3885233110784405e-05
0.00142529640511039 0.00016053794690802154 2.428054866124916e-05
0.0012198085790052788 0.00014685126342751627 2.4081314641722347e-05
0.0011503126135134077 0.00014704575720636304 2.3392269773728763e-05
0.001285580826301125 0.00014900097801664222 2.4361877252440106e-05
0.0012395249200703572 0.000135156156679978 2.61749283356015e-05
0.0011077835916380955 0.00015502171886415874 2.303312959695154e-05
0.0012007095191483201 0.0001658639712472869 2.3953641341245376e-05
0.0012167009068969293 0.00017538429024299557 2.3449949736755872e-05
0.0013155631926301129 0.00012595545517370273 2.5470696983775496e-05
0.001374594725047602 0.00015316186105965686 2.473936128451754e-05
0.0014438045944238226 0.000155687333565495 2.5843834188426665e-05
0.0011013768168134333 0.0001595007217102059 2.3045850985374426e-05
0.0011994150028572922 0.0001389537869492366 2.4686722561586912e-05
0.001222026298263402 0.00015238967274053543 2.4835549921122174e-05
0.0013884302048735105 0.00013131884370758994 2.4737078040574166e-05
0.0013008356526006616 0.00013735713353782745 2.4725712013131795e-05
0.0012352805393652745 0.00015712835329492376 2.3981873532497604e-05
0.0011804338382144092 0.0001702755940207683 2.2898914404365503e-05
0.0013830575084284118 0.00015398697364909074 2.4426839496676662e-05
0.0012605257507053102 0.00013442713008705366 2.4118397298006585e-05
0.001323474663045586 0.00012658858932089234 2.421644288130135e-05
0.0012233477792493472 0.00020281728820637233 2.3213325544703424e-05
0.0011940164762606082 0.00016172797989849453 2.3603625441143514e-05
0.0012100916511922962 0.00014458564740533857 2.3671082489968677e-05
0.0012932443962612034 0.00015605638332696992 2.4159413724131323e-05
0.0013017669818445716 0.0001468233827053569 2.448284467594497e-05
0.0011537908895053752 0.0001478518248881271 2.42045379078013e-05
0.0013090183279776172 0.00015765380967739333 2.391944355143366e-05
0.0012969129941822904 0.00012299793369111372 2.42742213690681e-05
0.0011728976490835966 0.00018105719433810213 2.370306041712002e-05
0.0012288857392907173 0.00013005721681206162 2.4565477608526363e-05
0.0011516889414641754 0.00015363013763050712 2.380728314114999e-05
0.0013008008051343025 0.00015979705083439208 2.4331195676972734e-05
0.0011705564033250063 0.0001316207291070357 2.352955495448706e-05
0.0012138255650900938 0.0001337196898525031 2.4311881303492784e-05
0.001230608381309432 0.00014121212020598955 2.507415091216684e-05
0.0012934330880509633 0.0001348340569800193 2.442339658045834e-05
0.0012408330582508128 0.00014931762920981893 2.3096122662963693e-05
0.0011947730119793406 0.0001424123619313958 2.5057277961957346e-05
0.0011232459155553782 0.0001601515918066139 2.3534548747917998e-05
0.0012445648856978877 0.00013787168450589779 2.4391432962778223e-05
0.00122466140494936 0.00014780762240952118 2.5190996906461442e-05
0.001342304248317869 0.00015176698488987258 2.4988094234857255e-05
0.0012267174047658185 0.0001458201536877194 2.4120141440807074e-05
0.0011750279328186085 0.00013570302574857993 2.5291102937806424e-05
0.001209704955109901 0.00013747578655861237 2.4135717390781472e-05
0.0011923883112151634 0.0001573820201079791 2.461963591627161e-05
0.0013933206461898954 0.0001417959328965307 2.4823437952073433e-05
0.0012069030986296852 0.00013198712681716335 2.6356876886867297e-05
0.0012149527137956255 0.00016599547656292275 2.4413334688744396e-05
0.0012254523204459989 0.00014058883503255705 2.396813875471726e-05
0.0009115464576804772 0.00017907631840958274 2.2091384812025854e-05
0.0011949219041268943 0.00014878838835063134 2.4269071408583264e-05
0.001136359866140102 0.00014249045504186514 2.3802538003261695e-05
0.0011229965319438416 0.00015036666729795645 2.6004211296256307e-05
0.0012496819485620775 0.0001497283095261841 2.5266545463377555e-05
0.0012986830010072881 0.00015102420856517257 2.4360665818112603e-05
0.0012565854453454616 0.0001359504995476877 2.4604331574001447e-05
0.0010183377265183349 0.00018769288964394656 2.3094462812001806e-05
0.0013303518225298192 0.00013413083993185144 2.4943061260576874e-05
0.0011668035042116088 0.00014773444271263465 2.3691981822173134e-05
0.001093271082707264 0.00013335401653323872 2.4013487055305194e-05
0.0012881361973150116 0.00016336483712193575 2.469475196506937e-05
0.0011596015600354055 0.0001559346437264593 2.3503925899597243e-05
0.0012769294500519488 0.0001375215375606177 2.5051541229407603e-05
0.0012362973635181046 0.0001436912684548712 2.4748040963787142e-05
0.001282238906279713 0.0001350681765251432 2.44365800049421e-05
0.0011842040708991072 0.00014508188740316566 2.3577091417048063e-05
0.0010390091754135114 0.00016681942969513165 2.307024846757622e-05
0.0012993194102282645 0.0001311665664039918 2.5497297699243403e-05
0.0013548313960959337 0.00014728199815606938 2.445200377777042e-05
0.0013521186181986683 0.00013511970396642246 2.5528293590724103e-05
0.0011988819696729333 0.00012667561005466952 2.4994896073905396e-05
0.001221416718394224 0.00015668562605695362 2.4166407818061583e-05
0.0013326355132637318 0.00014445283081822294 2.5387628028846755e-05
0.0012635921058300362 0.0001429940784362304 2.5277309787837495e-05
0.0013058479507963802 0.00014056519164651525 2.4309618218556575e-05
0.0012333162669936823 0.0001279113488243946 2.4110663991010186e-05
0.0012036005254592625 0.00016152190183498928 2.4169757248688395e-05
0.0012823189731877875 0.00014709106953144323 2.586610241324767e-05
0.0010957875549400882 0.0001380965778105347 2.3398370450562355e-05
0.0013347345781397927 0.0001474945626256837 2.443461787167537e-05
0.0012928571991133722 0.00013103549578967228 2.4536794262091478e-05
0.0012374615758411602 0.00013823829822169525 2.5657010100732996e-05
0.0010510106566953227 0.00014778537689867868 2.400809323219496e-05
0.0011157949046373909 0.00016382808643701418 2.3119481541143162e-05
0.0012398313795723087 0.00014512789003012788 2.3908869236806322e-05
0.0013130857782481776 0.00014302813652540615 2.4797878639844475e-05
0.001195483405094454 0.00013622722940662398 2.550598687387292e-05
0.00127061658916078 0.0001523041156482225 2.4540976803143388e-05
0.0012355974015098097 0.00013062856302664937 2.558174439578864e-05
0.0012017995983333054 0.0001395294758469803 2.3957574876305428e-05
0.0012603526394274573 0.00013765150203737215 2.4935394693555733e-05
0.001180498234293038 0.00013498992680111894 2.447697524390801e-05
0.0009151132958722264 0.00016742010370111483 2.3450786249380812e-05
0.0012837811107584143 0.00014674722213524192 2.4283702240286305e-05
0.0013187706994250178 0.00015946489651676637 2.474080779434176e-05
0.0013595952691044973 0.0001490990284785615 2.418573067601457e-05
0.0009874014446264348 0.00017631352841854052 2.2437914123642957e-05
0.001156712589900983 0.000134236811660897 2.3596764714277676e-05
0.0011769206974406648 0.00014739330842464835 2.5543872789676248e-05
0.0012657752161512295 0.00019945486615878194 2.270240968964031e-05
0.0012321604750571281 0.0001301485835251119 2.6063272211267058e-05
0.001279580971881883 0.0001354361065010793 2.4435439151885106e-05
0.0010496923395613706 0.0001681089661249592 2.413580755638233e-05
0.0011667614821320104 0.00015348350524362045 2.3311267724060966e-05
0.001248049487000644 0.00014321374125017314 2.497458965219815e-05
0.0010958067710513044 0.0001767850378952323 2.330065335384244e-05
0.000923567395595561 0.0001752287683433682 2.269535105015202e-05
0.0011645549575965805 0.00013196801142827878 2.553736557057496e-05
0.0011097400455912527 0.00016857187565362392 2.433707415963927e-05
0.0013285958887859135 0.00014098833219924374 2.4232246079565505e-05
0.0011646231312589651 0.0001406388410836558 2.5243890941989952e-05
0.0012224792627025254 0.00013809721834453972 2.4763317094408978e-05
0.0012043018995663802 0.00011446101354603181 2.514296464910106e-05
0.0011407149822732126 0.0001413402589013264 2.299060107096591e-05
0.0011791383404595476 0.00013058289789375025 2.4383873917461102e-05
0.0009878178860914335 0.00019348449881960087 2.2938835683171415e-05
0.001206055924430189 0.00012775649019395113 2.40555567077813e-05
0.001294005615794528 0.00013167836421032882 2.5657072408153937e-05
0.0008965836987906776 0.00017835855031107204 2.2690508242972022e-05
0.0014169004351913303 0.00015607453131681148 2.4902765623832114e-05
0.0013300734969944046 0.00013601451577060204 2.4547283379855477e-05
0.0012799532736261225 0.00012355551513260597 2.484063101754186e-05
0.0013090099445503811 0.00013974232183558964 2.4735551830570208e-05
0.0011491892929523491 0.00015415295545975218 2.4748698654247835e-05
0.0012176743851997644 0.0001394814989787444 2.5276966527530482e-05
0.001225199292245201 0.00013193647983888621 2.4424069685277204e-05
0.001286835164787942 0.0001527234777135822 2.5079511309462006e-05
0.001319756035848351 0.0001653905767389209 2.4183831796582156e-05
0.0012268518151654184 0.00016578642836267792 2.421315648547065e-05
0.001242618798682258 0.00014694538038291275 2.4469562679164427e-05
0.0013005537093361717 0.0001238490882314131 2.5006065651625447e-05
0.0010525612658757247 0.00014870428738123601 2.4511976157549557e-05
0.001241013208969099 0.00013683307997497653 2.560157789445576e-05
0.0011408386268726564 0.00015973321767298907 2.3017113365975444e-05
0.0011557210951521856 0.0001554545836418489 2.3783307521756275e-05
0.0011900112330212372 0.0001219812627662067 2.5378876159188756e-05
0.0011435189719122747 0.0001890033186422879 2.3625255888842987e-05
0.0011838978095198346 0.00013335941603462875 2.4243716988233685e-05
0.0012074853361894635 0.0001736877882526087 2.3278991945010794e-05
0.001321884855090372 0.00021088253683459156 2.2453064534178464e-05
0.0012229041257008529 0.00014848065810025679 2.505379322991636e-05
0.0012435889030957077 0.00013777907282622014 2.5869228374495536e-05
0.0011850350505170355 0.00015844319343051653 2.4100370943546936e-05
0.0012179079181135945 0.0001399802962642626 2.4732979341993684e-05
0.001199376913841507 0.00014043730824981167 2.4590877760556957e-05
0.0010740941568446864 0.0001322373496157374 2.4906496943192402e-05
0.0012997178517091374 0.0001561367693109845 2.477658718813231e-05
