0.24750097496866177 0.0011722470415839437 0.03715753917224868 2.4365972175833662e-05
0.2532634892227472 0.0013549910645212237 0.03681284985351037 2.427039602760393e-05
0.24339258797261762 0.0011133072754243027 0.03715529300332046 2.3414725396325615e-05
0.24951816953667383 0.001222682378942926 0.0371390798565306 2.431960543206657e-05
0.2535173626411705 0.0012813136138211092 0.03751618359342083 2.4846347016023747e-05
0.24820784089593118 0.0011548496427011893 0.03776847047113889 2.4748623907417796e-05
0.24728553651649093 0.0012240744026945811 0.036816126124212326 2.3512195207622895e-05
0.255139486947501 0.001288088058454861 0.03785626074652036 2.5310492831094185e-05
0.2264180085455931 0.0008921666519901296 0.03623361075805105 2.1924809595790034e-05
0.24694916296000163 0.001282008063896632 0.03609059683696775 2.3029976429895522e-05
0.24979207506850004 0.001129225144726 0.038535546057968745 2.577832175025206e-05
0.24744945745577315 0.0012219948120658158 0.037392558680915115 2.4912248080082435e-05
0.24727422401319057 0.0012297440410820532 0.0368736270206796 2.36760983639213e-05
0.25682002566033246 0.0013184828138921914 0.03763698122232392 2.5196623763327855e-05
0.24790381207304157 0.0012935493490167191 0.03685650277150179 2.3909922911409714e-05
0.2535113962886507 0.0012544861151526322 0.0377908094415159 2.5107010773329123e-05
0.24710874154823712 0.0011597356030557527 0.037617529417675155 2.472444221090395e-05
0.23816871244951496 0.0011124152869262378 0.03646430346325212 2.302751489013213e-05
0.25564864310507723 0.0012019050080078028 0.03831024151867806 2.5618437510418964e-05
0.24875616714738621 0.001286443615707305 0.03667711549344305 2.3643339738219765e-05
0.24465199760808282 0.0011454560237310184 0.036982618781362525 2.3536193994975337e-05
0.25180473948851523 0.0012577279645640993 0.03728226816200482 2.428368430541236e-05
0.23312808411381664 0.0010761848943851777 0.03625955609689793 2.2769564382268078e-05
0.25104990277041206 0.0013113689728395865 0.03705174963067549 2.4546684976700853e-05
0.24957582198193434 0.001178342792988963 0.03760333185129963 2.4981805201261343e-05
0.25282999977489823 0.0012889119945233122 0.03720613474812526 2.484151316773367e-05
0.2377678199819093 0.000996569069057887 0.03756669856162731 2.4090119264167167e-05
0.24813248205679836 0.001233498857489248 0.03709786308982813 2.394467896543248e-05
0.253949980512174 0.001327882180656277 0.03687749746231708 2.430922178958231e-05
0.23977589950836872 0.0010990100282523441 0.036454936369308535 2.2620003525279454e-05
0.23955041195949894 0.001096640099759019 0.036845274423039705 2.361288563892897e-05
0.24573466161038504 0.0011973960881578889 0.03681229541617662 2.394146778295268e-05
0.2567912135806172 0.0013793174570065066 0.0375157307375132 2.5111355017307013e-05
0.24899567249525673 0.0012496825283207194 0.03686103174272488 2.4003766794674875e-05
0.25408894305609664 0.0012112505600463614 0.038176250839422436 2.5133575827460704e-05
0.2532918705319772 0.001310595937666996 0.036814037327903976 2.3748334880007883e-05
0.24570084878445397 0.0011370724349525569 0.03731275969207473 2.4224308174674802e-05
0.243750222480285 0.001170721385315267 0.03678118920733617 2.3498881518288525e-05
0.2482069340665095 0.0011537337822319564 0.03768788267173821 2.4588201314763514e-05
0.2452019543378544 0.001181579764593114 0.03646731892678754 2.3295793108513552e-05
0.25943328457078135 0.0013505193763774905 0.038015576835761386 2.580165570991828e-05
0.2540854171749557 0.0013029887905727242 0.03741373558447331 2.4818035353204575e-05
0.23818197663773072 0.0010669183282572931 0.036207077756019786 2.25101932683207e-05
0.24320897931229396 0.0011409137163126784 0.03685260562004459 2.4012046850863192e-05
0.24485912521544886 0.0011704483189599261 0.037109965865561895 2.4010811552695094e-05
0.2517940542101586 0.0012540850484392785 0.03733042360713232 2.4560904202192834e-05
0.24457491529379527 0.0011745670577561096 0.03661788183604753 2.341227124892012e-05
0.24307238459245142 0.0011386589964198243 0.03722600985137944 2.4064170628112658e-05
0.25578178477715274 0.0013455090517123232 0.03720536418867831 2.4290588955937703e-05
0.25316845856241665 0.001243568721997918 0.037539020303978814 2.4701133091243206e-05
0.24405884183230267 0.0011633262736401998 0.03700720066657976 2.3885233110784405e-05
0.25825626658291445 0.00142529640511039 0.036929171374007724 2.428054866124916e-05
0.24846238866315745 0.0012198085790052788 0.037175768161987775 2.4081314641722347e-05
0.24216706549915365 0.0011503126135134077 0.03630831130453363 2.3392269773728763e-05
0.25159042733751347 0.001285580826301125 0.036812223902777566 2.4361877252440106e-05
0.2553825796845799 0.0012395249200703572 0.038347974571502685 2.61749283356015e-05
0.24241008368436912 0.0011077835916380955 0.036727656456901535 2.303312959695154e-05
0.24594360592997402 0.0012007095191483201 0.037078229480444536 2.3953641341245376e-05
0.24573981232625514 0.0012167009068969293 0.03648527864646546 2.3449949736755872e-05
0.2562645699501558 0.0013155631926301129 0.038107541494268704 2.5470696983775496e-05
0.2546205034745398 0.001374594725047602 0.03716315386456769 2.473936128451754e-05
0.25843800281019763 0.0014438045944238226 0.03758198444262863 2.5843834188426665e-05
0.2408350001126776 0.0011013768168134333 0.0365622267259679 2.3045850985374426e-05
0.2516792865201901 0.0011994150028572922 0.037750525682715266 2.4686722561586912e-05
0.24967336950695848 0.001222026298263402 0.03759026755328732 2.4835549921122174e-05
0.25345995506241337 0.0013884302048735105 0.03705837092447914 2.4737078040574166e-05
0.2528572374719425 0.0013008356526006616 0.037493345577679214 2.4725712013131795e-05
0.24746471870245393 0.0012352805393652745 0.03671339284291003 2.3981873532497604e-05
0.24432035677087452 0.0011804338382144092 0.0362287461642415 2.2898914404365503e-05
0.2542977369192976 0.0013830575084284118 0.03681152533174606 2.4426839496676662e-05
0.250724642057335 0.0012605257507053102 0.03716168126168529 2.4118397298006585e-05
0.253668493100939 0.001323474663045586 0.037121000827265896 2.421644288130135e-05
0.2473974909379319 0.0012233477792493472 0.036312235108120094 2.3213325544703424e-05
0.24799438071380578 0.0011940164762606082 0.036870275218042814 2.3603625441143514e-05
0.24997500973558062 0.0012100916511922962 0.036911216832798036 2.3671082489968677e-05
0.25340885010901193 0.0012932443962612034 0.037002695385885465 2.4159413724131323e-05
0.25571080164015536 0.0013017669818445716 0.03722510406426132 2.448284467594497e-05
0.24686916061699662 0.0011537908895053752 0.03749871048451214 2.42045379078013e-05
0.24984610431158863 0.0013090183279776172 0.036684068550131385 2.391944355143366e-05
0.2527120601810967 0.0012969129941822904 0.03707708718583318 2.42742213690681e-05
0.245048971311482 0.0011728976490835966 0.03703400335471784 2.370306041712002e-05
0.24656686266776834 0.0012288857392907173 0.037019031100292504 2.4565477608526363e-05
0.24397629580415447 0.0011516889414641754 0.03683683465676872 2.380728314114999e-05
0.254978237334773 0.0013008008051343025 0.03704274822658157 2.4331195676972734e-05
0.2441677456072204 0.0011705564033250063 0.03657846559524503 2.352955495448706e-05
0.25106383847141006 0.0012138255650900938 0.037592833848569276 2.4311881303492784e-05
0.24857854270130053 0.001230608381309432 0.03737148072844339 2.507415091216684e-05
0.25347223663520835 0.0012934330880509633 0.03730630220238425 2.442339658045834e-05
0.24734520389901898 0.0012408330582508128 0.03634912243899649 2.3096122662963693e-05
0.25044343998799345 0.0011947730119793406 0.03777566304234095 2.5057277961957346e-05
0.24087387928987836 0.0011232459155553782 0.03678085546648453 2.3534548747917998e-05
0.2517660024655284 0.0012445648856978877 0.037336572030725414 2.4391432962778223e-05
0.24895579102120724 0.00122466140494936 0.03761828324095397 2.5190996906461442e-05
0.25615002618751576 0.001342304248317869 0.037218969782936415 2.4988094234857255e-05
0.2500427463668765 0.0012267174047658185 0.03719756160624822 2.4120141440807074e-05
0.2528821688858248 0.0011750279328186085 0.0383173335994303 2.5291102937806424e-05
0.2461132704157144 0.001209704955109901 0.03709092496333535 2.4135717390781472e-05
0.248858384395048 0.0011923883112151634 0.037694597559902045 2.461963591627161e-05
0.25866931641101404 0.0013933206461898954 0.03724830001977403 2.4823437952073433e-05
0.2525723080489249 0.0012069030986296852 0.03863292433272583 2.6356876886867297e-05
0.24960858283506074 0.0012149527137956255 0.03708823197919824 2.4413334688744396e-05
0.24734917790670574 0.0012254523204459989 0.037011841277879536 2.396813875471726e-05
0.2259883690422576 0.0009115464576804772 0.03639149790768912 2.2091384812025854e-05
0.25049473329553307 0.0011949219041268943 0.037765833766917764 2.4269071408583264e-05
0.24618054212089793 0.001136359866140102 0.03685479616329977 2.3802538003261695e-05
0.25034102825272764 0.0011229965319438416 0.03848255503358764 2.6004211296256307e-05
0.25033039598295503 0.0012496819485620775 0.03762118901155525 2.5266545463377555e-05
0.2561450847506277 0.0012986830010072881 0.03737006574146175 2.4360665818112603e-05
0.25285400473355013 0.0012565854453454616 0.037435812081531114 2.4604331574001447e-05
0.2319748015513165 0.0010183377265183349 0.036585260287012 2.3094462812001806e-05
0.25482871691782377 0.0013303518225298192 0.03740070749030628 2.4943061260576874e-05
0.24666046535216257 0.0011668035042116088 0.03695926235233552 2.3691981822173134e-05
0.2442771136656702 0.001093271082707264 0.03752935519753974 2.4013487055305194e-05
0.25004908339999055 0.0012881361973150116 0.03715450733453654 2.469475196506937e-05
0.24444998215766553 0.0011596015600354055 0.03674990785655152 2.3503925899597243e-05
0.25192195102706244 0.0012769294500519488 0.03737900952577908 2.5051541229407603e-05
0.2504184942756883 0.0012362973635181046 0.03723636666975823 2.4748040963787142e-05
0.2510736927356558 0.001282238906279713 0.03710260065885632 2.44365800049421e-05
0.24599981909271262 0.0011842040708991072 0.0368408829015229 2.3577091417048063e-05
0.23782257424784753 0.0010390091754135114 0.036671736826336176 2.307024846757622e-05
0.2557339094736973 0.0012993194102282645 0.037965113421317816 2.5497297699243403e-05
0.25755636935673637 0.0013548313960959337 0.037440777383140555 2.445200377777042e-05
0.25820684143513145 0.0013521186181986683 0.037930378056610356 2.5528293590724103e-05
0.251659546439349 0.0011988819696729333 0.03794772949958713 2.4994896073905396e-05
0.2504330258698926 0.001221416718394224 0.03736218087264975 2.4166407818061583e-05
0.2555874041711703 0.0013326355132637318 0.037606535669674486 2.5387628028846755e-05
0.25568535196123077 0.0012635921058300362 0.03803656688138728 2.5277309787837495e-05
0.25394921110395685 0.0013058479507963802 0.03730424225651011 2.4309618218556575e-05
0.24974764996900717 0.0012333162669936823 0.037134504151310345 2.4110663991010186e-05
0.24518304137881747 0.0012036005254592625 0.03694420704568772 2.4169757248688395e-05
0.25673680527287723 0.0012823189731877875 0.038095118162997356 2.586610241324767e-05
0.24220710627203457 0.0010957875549400882 0.03703138141189921 2.3398370450562355e-05
0.2528640375203228 0.0013347345781397927 0.03700984875543327 2.443461787167537e-05
0.2542231865574069 0.0012928571991133722 0.03731812348497554 2.4536794262091478e-05
0.2518889823377368 0.0012374615758411602 0.038022058699908504 2.5657010100732996e-05
0.23751150272871246 0.0010510106566953227 0.03725525933604987 2.400809323219496e-05
0.24150806544277514 0.0011157949046373909 0.036654579520318906 2.3119481541143162e-05
0.24951467390330181 0.0012398313795723087 0.03698443655813209 2.3908869236806322e-05
0.25438850638036414 0.0013130857782481776 0.037183803010195755 2.4797878639844475e-05
0.2498241485907643 0.001195483405094454 0.03803406295728437 2.550598687387292e-05
0.25325083585144337 0.00127061658916078 0.037391432299324616 2.4540976803143388e-05
0.2526676480317984 0.0012355974015098097 0.03808073991359899 2.558174439578864e-05
0.24865358430251489 0.0012017995983333054 0.037089584462691096 2.3957574876305428e-05
0.2516359197515555 0.0012603526394274573 0.037576402843069526 2.4935394693555733e-05
0.24825525486932742 0.001180498234293038 0.03740272659759391 2.447697524390801e-05
0.230481003143991 0.0009151132958722264 0.03722379720020507 2.3450786249380812e-05
0.2514348853878825 0.0012837811107584143 0.0370058951061492 2.4283702240286305e-05
0.25667166738829217 0.0013187706994250178 0.03728779748236726 2.474080779434176e-05
0.25509704975523495 0.0013595952691044973 0.03703323302528739 2.418573067601457e-05
0.23346458336191567 0.0009874014446264348 0.036366243399609845 2.2437914123642957e-05
0.2408336135774902 0.001156712589900983 0.036697033666284753 2.3596764714277676e-05
0.25228254341520706 0.0011769206974406648 0.03819717844929466 2.5543872789676248e-05
0.24903994339727775 0.0012657752161512295 0.03628255839738234 2.270240968964031e-05
0.25566807510051764 0.0012321604750571281 0.03845063875792365 2.6063272211267058e-05
0.25221681293403 0.001279580971881883 0.03709456862251434 2.4435439151885106e-05
0.23844937878830108 0.0010496923395613706 0.03737552941167267 2.413580755638233e-05
0.247248469817007 0.0011667614821320104 0.03696636094698649 2.3311267724060966e-05
0.2525240085926582 0.001248049487000644 0.037646476783368535 2.497458965219815e-05
0.2369220344030693 0.0010958067710513044 0.036514392515319724 2.330065335384244e-05
0.2283343442138173 0.000923567395595561 0.03664724319376364 2.269535105015202e-05
0.24934809412559905 0.0011645549575965805 0.03822306482768838 2.553736557057496e-05
0.24344635695182865 0.0011097400455912527 0.03744367675924132 2.433707415963927e-05
0.25445661330277747 0.0013285958887859135 0.03705036262674445 2.4232246079565505e-05
0.24872694589576405 0.0011646231312589651 0.03797257276947074 2.5243890941989952e-05
0.25156306203442136 0.0012224792627025254 0.03762354212984903 2.4763317094408978e-05
0.24874411529165574 0.0012043018995663802 0.037755968083902955 2.514296464910106e-05
0.2427094645761867 0.0011407149822732126 0.03640097942139073 2.299060107096591e-05
0.2435196081448625 0.0011791383404595476 0.03706127723039469 2.4383873917461102e-05
0.23290574759838636 0.0009878178860914335 0.03655358640871122 2.2938835683171415e-05
0.2451879555669465 0.001206055924430189 0.03683834663885236 2.40555567077813e-05
0.25642670793946204 0.001294005615794528 0.03804730514759254 2.5657072408153937e-05
0.22648809311834356 0.0008965836987906776 0.036714563123103866 2.2690508242972022e-05
0.2596774198261601 0.0014169004351913303 0.037244986321564255 2.4902765623832114e-05
0.25123038346312737 0.0013300734969944046 0.03696420782557587 2.4547283379855477e-05
0.2559815141195182 0.0012799532736261225 0.03781302009970763 2.484063101754186e-05
0.2543214337868923 0.0013090099445503811 0.037204573663852464 2.4735551830570208e-05
0.24708836471290652 0.0011491892929523491 0.037658372616072244 2.4748698654247835e-05
0.25371500633601207 0.0012176743851997644 0.038085445935885046 2.5276966527530482e-05
0.2501599673539497 0.001225199292245201 0.03728815270361641 2.4424069685277204e-05
0.2534065987106988 0.001286835164787942 0.03750305478390024 2.5079511309462006e-05
0.2535240727556645 0.001319756035848351 0.037129188242002356 2.4183831796582156e-05
0.24974592672161156 0.0012268518151654184 0.03709948631827696 2.421315648547065e-05
0.24808872463455456 0.001242618798682258 0.03696637789452807 2.4469562679164427e-05
0.2552356128264798 0.0013005537093361717 0.0379482283646787 2.5006065651625447e-05
0.23939887689784903 0.0010525612658757247 0.03750902148108644 2.4511976157549557e-05
0.2567053738601109 0.001241013208969099 0.03818135428273842 2.560157789445576e-05
0.24219267248517462 0.0011408386268726564 0.03667818634634532 2.3017113365975444e-05
0.24494190673134342 0.0011557210951521856 0.036922653453970875 2.3783307521756275e-05
0.24971350609693277 0.0011900112330212372 0.03805765686237447 2.5378876159188756e-05
0.24303840828402568 0.0011435189719122747 0.036869203814306625 2.3625255888842987e-05
0.2482805668092341 0.0011838978095198346 0.03753409657394925 2.4243716988233685e-05
0.2426014614102196 0.0012074853361894635 0.03627867443637793 2.3278991945010794e-05
0.25267721757277095 0.001321884855090372 0.03595761964437274 2.2453064534178464e-05
0.2533012005292859 0.0012229041257008529 0.037879863198453566 2.505379322991636e-05
0.25535692614049466 0.0012435889030957077 0.03820299254150465 2.5869228374495536e-05
0.24616388120709112 0.0011850350505170355 0.03738417756219875 2.4100370943546936e-05
0.2537498210669791 0.0012179079181135945 0.03780575070450018 2.4732979341993684e-05
0.250979176772793 0.001199376913841507 0.037669212974456724 2.4590877760556957e-05
0.24402403196515987 0.0010740941568446864 0.03802166849847113 2.4906496943192402e-05
0.25183875653000004 0.0012997178517091374 0.037109298022829945 2.477658718813231e-05
