0.9994565930984188
0.9925600293486322
1.503617845558446
1.6549456333071308
1.4374947124934625
0.9865910583808929
1.2484900492259126
0.5766266164512837
0.21338607201689122
1.183030493189662
1.2713545842092246
0.3382845147872622
1.1082926183866122
1.2863506987737594
1.6447806368967968
1.3431558749082615
1.5119828810695795
1.0419887875298215
0.8117529459734767
1.4111550371596975
1.353274715596428
0.20803789385198804
0.6055851306603746
0.8222092250239087
-0.13893303449880887
0.7276513522489059
1.6895299840275417
0.8405779154516382
1.4228888667379742
1.50909495948507
0.8607119620384402
0.7031647533661974
1.3421164969926147
1.876344032557219
1.7629845485608155
1.3520680418759035
2.1861885960554424
1.036618871257529
1.2888135643879954
0.3037594787127856
1.1881442817427335
-0.33679365440075854
0.8565493521147
1.1631113987874422
1.3740425269500003
1.2642577692477763
1.4552189916571612
1.0663031800613456
1.8771350044598665
1.3274476775089277
1.2119611264199344
0.49475149395218493
0.5195309643984952
0.5817587251880353
1.816715818645575
1.0534510974688045
0.841600300509596
1.3663308382981256
1.590686253413849
1.2521134175586068
0.22809958916898354
1.6298764808807347
0.7088316547617914
1.7076808168878947
1.7175090044411414
0.793718505283188
1.4069637785108282
1.5530835517215398
1.378743613484214
1.1748254099939361
1.171593411312723
1.5216808473530055
1.348851200224969
0.3096914371028538
0.731664614035677
1.371552812529704
0.714997046564226
0.8627594446054392
1.0361144994418936
0.5061275129636028
-0.5760144197563264
1.9325749973009252
1.1500675989279936
1.069222651543925
0.5159190440354737
0.9503483409694827
1.3769444505613004
1.7311851357042254
0.6051647835499685
1.6650911096995111
1.1563012423373153
0.7876960568625129
0.6328871715954868
0.6794776596134892
1.3845269109911678
0.7251324133401994
1.2100906638085636
1.9304839540699945
1.049307549664899
1.0959416775129998
1.6069041349869613
1.4862275905771136
0.29770430942166853
1.6113287578601687
0.15667079539839865
0.8095912161860954
1.6236518199780134
0.9679465131977213
1.5596219164342866
0.7627806816352876
0.7719159181031613
0.044343991829316885
1.288037223464336
0.2221686871362559
0.6190583800910752
1.1535440008825175
1.8146110961530442
1.0050020398708632
1.4946489015596651
1.5076780975396815
0.2282941746629127
1.459377036555721
1.5334344126668904
1.2934807378231243
1.7901711399702425
1.430068740145397
1.687464943607736
1.27797616997706
0.9505961162015245
1.452859301045012
0.5526618558857138
0.8312584723023266
1.0498750692722139
0.4278963697439233
0.7870886958680017
1.66024052804951
1.4863071835824444
1.4814558028962947
1.2835405359075074
1.742725914066306
1.8414316281367362
0.9128011270823967
0.8666229959424557
0.6045836176516484
0.7676941601074779
1.1597643766597479
0.4065504373270186
1.592763617092279
0.39290095216496107
0.6784983211877633
1.5503189460271196
0.8944513138827209
1.445686927095001
0.7948118113886601
0.5695734149626405
1.520647833294457
1.4104722939414158
0.7547918738267176
1.0298716234524032
1.2906546408737305
1.0519714614112865
1.8635568639246387
1.245109580337133
1.0814848166482742
0.9457811041075131
0.008318724189771481
0.9669941829754801
1.8427776417034885
0.31201893998236974
0.9103457064114502
-0.07675404608759563
0.1887387854834616
1.3976912378917357
0.9018497909980803
0.9853240934898393
1.3658512854918843
1.5605555826127098
1.1356149692972317
1.292672230574553
1.3739313700335483
1.4303535573024602
1.6330523237192842
1.2180021704143016
1.4652754865005708
1.3490136860344055
1.0973629003130532
0.8634213961152097
1.2129425773137388
1.284196947347579
1.0672475252074325
0.9089835696374191
1.105193344013815
1.0179735188260726
1.537229997050214
0.3248239783541544
1.8774540457390287
0.9185981064633442
1.3844601619603878
1.3858719435039084
1.5040436037162115
