29.174592141265556
21.452698323015518
29.27922836580593
25.33727826494515
24.3443459695662
24.346493999778993
24.473441650349933
22.82081153307867
28.852109464894976
25.320766556010227
25.16014551761701
21.60117921282183
22.99416262098945
23.625110902839168
26.82346786003677
22.66091710142425
22.289519420810148
28.09109326711051
24.129857378290826
23.18336129290329
27.16468430142713
24.23588970553287
28.699994726737103
22.76130015411532
24.77266855997697
22.079643088888727
27.284738016662526
26.710050479445318
25.471310821636017
27.006620889660567
25.032663860106084
24.209872772438068
23.266302774965425
25.033132023949364
24.099175457604325
26.544227753933193
21.135788667848367
28.96995708723043
24.242158041479353
24.08728499470709
22.154844939307687
23.115426583309205
28.205417290255244
23.990684933004374
25.8201014290469
23.0935678489881
28.23156247326574
25.391351409333357
27.370746656856003
22.704414918372933
28.22479944348636
21.891836293751872
26.18513822458912
24.00202490568675
23.33641627244753
25.086492721179248
28.33674604076043
26.574635734788366
28.465039187535716
23.432370854587894
23.611333972732716
22.584863473735332
27.919091569110392
25.885384668395304
21.08661961983423
22.83005677740438
24.38961017981594
23.79824221344059
28.045879873074302
23.713828218555726
22.362072474259424
22.798568988828176
29.66302751385861
25.611054439443087
25.544981455575552
26.84870406638568
23.215147949611623
23.150323011293565
26.37627557968159
23.77558684836737
27.065225268639985
21.317442576551883
22.921431968622322
25.249282845449375
21.54991630653675
22.02909864571634
23.247833068557036
24.80200487181188
24.65055978032388
23.336737724120816
26.570678580732924
24.169589340418717
24.226833313893106
24.255082094001075
24.729387971019193
22.984339401683165
22.533775306364877
25.069584996365624
24.334373469817958
24.013409636046237
26.30214697333799
23.782746457496756
30.203696391610194
25.114633338965355
23.259024622637526
23.498554697175013
24.184992606235916
25.95015780113983
23.561680916907797
28.581094078796127
24.68303872003056
24.62368108184976
24.578681253230844
24.15558695836841
25.661930448491443
23.06007138996371
25.10231809453789
22.599350118925976
26.506851067872166
28.325795035929303
22.561172688339827
24.831919000591967
23.861248657834487
24.09427416968083
26.535442836687857
21.56275561984407
28.364523307792798
25.28246506534179
23.530823691088372
28.37562267847088
21.931959246061325
24.494204780175153
22.31140957548991
20.67366876004059
23.62510883739825
25.843326262805704
30.551638511364324
24.02105967363337
22.227308635182265
24.372935535638128
25.020805080722944
22.171324975452727
21.116156939294576
22.815958720164524
23.460208975974766
28.817597439850708
24.635107010128955
23.88074419942913
23.16447258144737
29.391971076312416
21.82788323647078
26.021169315116865
29.162588536452397
24.416196533194185
22.465585104085125
28.30551998933361
25.696502173968785
24.794091570808334
27.287477901747973
30.962646196823567
23.239240229913957
29.031426157937872
22.914317427689497
21.33954956842976
25.26438356628973
22.779796547839
24.141647794205106
21.481908242869125
31.2212439758619
22.73460877535358
23.741260332307277
31.07721173636184
23.497520660412498
23.45571808685154
23.73138274288771
24.07642517964902
23.865533888020927
22.88655981083323
25.994418766858413
24.82963761449477
26.32161850586665
26.78816359125962
22.030926841109537
23.94655970714068
22.749396917549745
24.25893610925426
28.99203492586164
26.52067122179772
22.53604908782578
27.540491214361147
23.21777143344045
26.54838069117484
28.631313271370672
23.54316286759625
25.31208683996868
27.899357661253298
23.052201182676335
22.87970883949977
18.415474197639305
24.268302978226327
