17.73389403421479
17.780103644770797
17.76501142107442
17.765641398494147
17.732385774788625
17.748285404572442
17.780602157281123
17.749587247776255
17.785480293371123
17.775563522949845
17.739347812111767
17.766748143296624
17.801796682853716
17.76105530964901
17.75704629843803
17.756477931877768
17.764649055231725
17.77616139016181
17.76363431429426
17.762530695982377
17.78505950388587
17.761396873687524
17.761048660725525
17.764625899610962
17.757348758683975
17.75835215843231
17.763070763991955
17.7739396536099
17.76266638233806
17.78167102980033
17.769108722283416
17.7737628043825
17.75707634814829
17.761802892693964
17.76727425546639
17.77666653285937
17.754875730875224
17.767557854778502
17.76723750651589
17.77042290830108
17.742743211729277
17.76986517651934
17.787481639829387
17.755610074629345
17.763366722505218
17.757736175511752
17.765479452199926
17.75074218900392
17.76897923797371
17.76679629705435
17.771692767724453
17.767228414787915
17.753323303075863
17.779883702176996
17.764180768497166
17.729729833679563
17.778535832298147
17.754255439824103
17.75479335673759
17.757776693848157
17.773290045986712
17.738538806008133
17.779956466780096
17.765100126328182
17.741223479511362
17.777110057384252
17.78034973358524
17.764724368794283
17.776851843100808
17.752311416556374
17.76569693703466
17.762434540463598
17.771515213830963
17.762614356971458
17.76335453850142
17.757473540163836
17.76164973348874
17.775474023806524
17.773454240719932
17.771481911802027
17.751778784056317
17.764130549191204
17.771184044972337
17.761476828772604
17.785987209847153
17.770312287906506
17.749482529476374
17.754829241936555
17.786148409564404
17.747754274464402
17.777226909118724
17.747452917612755
17.744489923543597
17.751543569396198
17.769830177739628
17.75594816144842
17.776498523952938
17.774884795924734
17.775831450843352
17.74465717380921
17.74671206078903
17.76180891604284
17.783844246330577
17.761734268485505
17.783735123311942
17.75739113168853
17.7391948642995
17.761486585311015
17.758215628229593
17.772805430530354
17.767435439023007
17.78134174253372
17.779128093724786
17.762049269788182
17.777043952763503
17.752996483999166
17.746715853476307
17.764073254761694
17.782112803628394
17.75857307691931
17.738902112813903
17.76105215306068
17.741395300812137
17.76180640332054
17.756522257553215
17.75555192938463
17.724455232545736
17.77944249876198
17.775022230657108
17.751407097514104
17.730817780323747
17.781219454293815
17.770686613706417
17.75885244521272
17.74450279134511
17.77817120364969
17.74682859243464
17.774815009640243
17.755533277210233
17.758946953033444
17.755686744537755
17.737221976949087
17.772711888137223
17.789559282065383
17.7450664573318
17.765402418953286
17.763818499261916
17.762526075602693
17.766092896113204
17.781600568962062
17.78558354291979
17.743308355286377
17.781536380348506
17.72430053681625
17.76877048409552
17.760822803135518
17.785876629470394
17.75449400794208
17.77385831703585
17.7758677848033
17.738679067313477
17.735828004849168
17.777634139883443
17.741476027869822
17.758268193044252
17.771291737921466
17.780064099850833
17.769950249808943
17.78021917704068
17.766716508308967
17.754448651656205
17.77300037863167
17.75467477753604
17.7762205461164
17.758836789274227
17.758570042047864
17.752556068932694
17.744071572448135
17.76944675797519
17.77036233775849
17.749641593244085
17.75866112632348
17.775528640871173
17.768232131132663
17.751516094488423
17.741504830357336
17.778262607418696
17.77896651020429
17.76079203365622
17.779195259538042
17.767224324538834
17.7822374061683
17.780230194444577
17.755637164806018
17.741211760255
17.772596353455807
17.76248722922024
17.76883815975366
17.733828152756875
17.76224704263187
