0.25855272730814843
0.2821150662231304
0.2773576266315691
0.5171498868534371
0.4186671899685252
0.48024353432810774
0.29149062957941324
0.0860556341261252
0.3348322976806672
0.41338038354045725
0.11108715905209278
0.3731508311205179
0.1599277349335729
0.5121332768081804
0.40125363322498925
0.4510206997181338
0.38037257477101427
0.502194467717923
0.6799825330975033
0.08869434429934873
0.40800765657096966
0.4025457494492972
0.33891954433319754
0.6483529246997783
0.4159641707008519
0.46514538886412415
0.784868165405085
0.16780561012324036
0.45811759163686383
0.20167736169431838
0.5596621722106355
0.43997935403529037
0.45094060176956074
0.7243614116239184
0.18962895015060102
0.4090534701098438
-0.07268290372061921
0.32747640006456674
0.49344155759338326
0.2911927604501676
0.6752247075609774
0.06897866869568677
0.17413617772341847
0.6632043481031551
0.3845719473700464
0.4993351035235625
0.38221363818555193
0.6164770286423801
0.8044347579321038
0.20619870216677683
0.4434130551033834
0.5268225754119995
0.49595513120776064
0.3972783263533044
0.3052419538862064
-0.2465247423397298
0.350472758088268
-0.08932426673783399
0.3358526707007961
0.15094287759985853
0.38885594199383183
0.6550254279597115
0.09006501919000161
0.40411910100534
0.5120394551266815
0.4688905809460899
0.23395018369814358
0.22734280334892934
0.7228662985045605
0.497678923114053
0.3717797430775798
0.30218236749323024
0.36050157939046273
0.4823961418752692
0.10930165722477107
0.27221910517124515
0.22801308195765557
0.4392752173671764
-0.025780632705268314
0.3480365994962347
0.7012823129961859
0.30583834781618285
-0.17475818200175328
0.22505686090249308
-0.027275366662536844
0.14313392924315935
0.8219486640473868
0.7530439812944348
0.17144678486183626
0.16474830808904753
0.30836083244859014
0.4920593159230708
0.17768304291245154
0.4023175626184568
0.5806749460283417
0.3822320741526803
0.3860971671797688
0.5363563948517047
0.4025131468646248
0.4605107596978464
0.4304863798615269
0.24119338850417749
0.3842437825185441
0.7447136849436068
0.26847466259677244
0.6531285635401087
0.6309857890362677
0.207932984278313
0.3891642349509073
0.141178534119827
0.4774571556179201
0.46849141615237805
0.1915828230854488
0.026251060416730605
0.13426549814915487
0.4631062937334322
0.7263818803602388
0.2591787434839998
0.26167009955787207
0.05939574133312486
0.6275237557924084
0.1412511017086763
0.3029890782210815
0.6057765070235142
0.5346585830353274
0.2406354314232418
0.5617365432401492
0.5038194786527196
0.2465705154008111
0.4312199215586357
0.0417344772584465
0.21201248416985705
0.20437835392256612
0.10659990468869791
0.17790034702776622
0.4276769848383155
0.47039586450101023
0.3039610901462715
0.4882632637585897
0.7953338238488286
0.558255882605467
0.534270447041885
0.4777414983209128
0.4526117110950674
0.595269791552036
-0.05716101762342044
0.5421825946547881
0.40780949967860897
0.15400968004173107
0.07794623691865321
0.15562913131896364
0.5961995052307762
0.3473020548906458
-0.0019108754869039217
0.4839470946612791
0.18840283121539916
0.36556831282996494
0.7003793985442698
0.24533394049275462
0.4962269585229328
0.35916013065265573
0.34172339278774494
0.37311646085550937
0.5899444822734138
-0.033899023259129475
0.6820077799644971
0.22994251198468676
0.16936955712157428
0.7045672356449605
0.7285353444970489
0.5728982654849529
0.3232476919347208
0.19468723200291502
0.5278414639129677
0.420856721400977
0.4591210693294856
0.5616835890917227
0.2941009882063732
0.24718270101096285
0.7615426067543263
0.3423812848755691
0.4808375210835001
0.5383520849995824
0.5329991981401753
0.33766327876453045
0.49785722147469996
0.7105252018389021
0.2472475713500152
0.1276013951795493
0.23239231630500456
0.45132485939798506
0.2868079539003399
0.13281648117968967
0.5936623877413613
0.6825036752374424
0.568457830327623
0.720959023242674
0.26000783669939237
0.21202608577399928
0.6220645195473749
