4.719958205172727
6.615577793388539
5.6553872031265024
6.195287269300992
5.39951767079879
7.223744684410147
6.828415842833068
6.543681969271004
3.9059708103700235
5.127856616254453
6.852818357861626
7.545092913497003
7.620872601674332
7.315303047306855
6.242955926999182
8.222954604286727
6.56115534085623
5.317449500066289
7.115080264031995
5.798460198405714
6.489648750580675
6.006599904126951
5.1968939868437545
8.163111041906857
7.404404984934722
6.804750110293635
6.89299266307553
6.321337642516189
7.0199074650226905
6.213551399097658
6.362010711940448
7.01249093010627
7.838153547816852
7.2297084527711695
7.2118948149680655
6.31189383849567
5.32318385363123
6.045242076316666
6.894588921643602
5.602208800442586
7.326958402338611
7.85527458589819
4.332508582536641
5.805991965332999
6.657955808120578
6.664833085938557
4.884934467830388
6.039237526002356
6.651965233523972
7.871850503868866
5.267358042128568
6.893965247998048
7.170553400190184
6.0446479240334074
6.378580487954908
6.810435706144304
4.766249639767908
5.404614783238712
4.21882495119733
7.287215065344345
7.926164090304739
7.296670878901831
5.030889068653551
6.076213026616498
6.233020565838517
8.359494425294411
7.741682129865358
6.518587270583746
6.633883166855602
6.468641537690416
5.928756065042412
4.794636227466034
3.8139118391227678
5.689775510160182
4.931151920209134
5.137848403640533
6.423191248144468
7.036294376444949
5.991185635729584
6.561705296856319
4.7024503678153735
7.990810668035532
7.294913231359084
5.389846229260624
6.758232448069693
6.97550238945456
6.677928506427477
6.361354109177034
6.231608005256449
6.9775020570867685
5.012993220655819
6.1355967127329585
5.231299862222867
6.414399838001792
6.228716877192589
6.091728307385877
6.129593714923283
7.415108599037504
7.975515356941463
7.130552798427629
5.047996425161045
5.895631094681872
4.805031844946455
7.061181461013798
5.726114745903842
8.568098106541918
7.3849707030829155
5.800580634930284
6.9099964492610875
5.551515333155802
7.87645849034257
7.646985045993681
6.354223723251563
7.638050987735159
6.935481109035673
7.249317022321064
6.656729447199382
7.4151454571143836
6.533934055437245
4.360013408523718
6.91347235023741
6.8622577954494215
6.2488340626353285
7.48692849390917
6.593618397819867
7.608643858978344
5.986116419972882
8.2950541514975
7.095470804829857
5.689584813645065
6.952119588431406
5.848231056859424
7.392640087039471
6.2137076085139515
8.280326146118309
7.24439994356654
3.9194138935619045
5.634007055182272
6.074913709739759
8.082615198819372
5.639603845469306
7.016941303430196
6.4298720214830745
8.44972717523449
6.18245986909429
5.8188558321855846
7.028358027963629
4.560427916296218
5.908653191194293
4.794426379235187
7.144993738467237
7.26548671282642
4.154885925544981
7.269961593938498
7.329972824498031
5.2949348791630415
5.121340496775088
7.891386082635744
4.754211273218942
5.806887708791033
6.370552437813352
5.478348414886379
6.525270928841813
7.371133120341016
6.3995162636557845
8.24764101532199
5.481326643599228
6.979619876751656
5.446389097686567
7.556065290294132
8.224064251237017
5.599169365809189
5.778782056116428
7.804471437050909
6.2151804319001025
5.889746288392374
7.393663525328521
7.173923520448062
6.507349567031039
8.453898499043458
6.119849839414227
6.269111270222918
6.678748640388071
7.70646043125076
5.695822241893863
6.524288568338028
6.188884687323684
6.047361103967006
7.878307816577988
6.580783924034985
6.834157311314864
5.627756387975882
2.597604536240343
7.693640512189934
7.093485432157708
7.208865939317006
6.148432457972766
6.4325202620669
5.498038575369392
6.7868911021550264
