2.059197977140859
3.8412984143523463
2.958969195948928
3.4128116115105964
3.1192838322026475
5.8329753216286795
4.59420924505052
4.432540068111738
1.5283998761990427
2.633334504916396
5.198976370805202
5.535700825484842
5.331675880868825
4.890393323983192
3.6976267048073708
6.774178104066955
4.154785502726575
3.270503538058311
4.552690795742103
2.608105225984739
4.198609887800354
2.8556643974083
2.9351886127370004
6.021055904837881
5.532102818805471
4.029618955006909
4.823999101179006
4.594676604942259
4.710570537470886
4.051798232704454
4.3756884700155
5.037049165162009
5.057741220821981
4.906515896257936
5.3742900414760975
4.067120782296335
2.4678089013045525
3.7386764457183737
4.293205819350659
2.7627792413529404
4.925294643870335
5.89995010052086
1.9401097172287738
2.7166706202324225
4.323828906891258
3.78092709445142
2.5733784285293897
3.3583384481507177
4.7114648249724365
5.863078480883303
3.106257449144619
3.8751849445738116
5.581939734630346
3.2204268201673014
3.3436478740241653
5.113319583770902
2.726041947771932
2.8793906864494225
1.847810370739495
5.266486992308984
5.843241459993802
4.369131092617133
2.6190770266816172
3.675140926122774
3.438274440178141
6.600848625426201
6.171538872456069
3.7279194866148564
4.078718572052185
3.4795625496200513
3.566223247094951
2.0794662424941937
1.3601278411959037
3.0242187197956234
1.9875581470337174
2.294435731565212
3.684431315961305
5.117259695832152
3.2872019857078794
3.535407063224533
2.501113648496469
5.249673471439808
4.783368626419603
2.3798718309127738
3.820748311788571
5.179733926651322
3.6054617228173824
3.2351952508279496
3.616373942278865
4.201292247064751
2.5053602827692347
3.7265126483428204
2.763912148824135
3.313619448748618
3.401424246394275
3.7532536818278333
3.4024615222037653
5.215370771131664
6.106879078147489
3.969000596785599
2.566603374372694
3.2753036664537465
2.3190127733069295
5.323474956911956
2.890150571034978
6.4105067509307645
5.309274489843104
3.1936445083655407
4.439827331254142
3.626397460231903
5.533854270643298
5.882227832287013
4.182594132503417
5.311804487589167
4.905536861232218
5.188418157789262
3.703720705457505
4.579923569709713
4.381414573683927
1.973010605046115
4.835705501291911
4.212239746676856
4.0321216071115815
5.857302788838966
3.726340536544609
4.838062585787853
4.021209382343138
7.353983897191568
5.015440871153617
2.9194208833810227
4.81438975433513
3.541449751459105
4.519793896533303
3.2074168212158853
5.416197152659101
5.768827474712451
1.5616283001662357
3.1767743561290676
2.597367669364078
5.108170021633134
3.089053024307759
4.485982265239809
3.8612762525979702
6.791681009520709
2.964108881543509
3.428045627064199
3.8563949536736883
1.9199666233907304
3.1729483894896964
2.449960595336812
4.889611896639029
4.6478720606480435
1.7708058939633786
4.287754756585669
4.6761829521900875
3.229986402616044
2.497837013779148
5.125021050168243
2.2482919196315496
3.2181453943883125
3.660931896934211
3.194133449550119
3.2295799264496408
4.936592824480295
3.77972900522588
6.159507970221323
3.0374450170983214
4.228570341101977
3.2220067014220017
5.3233401922029
6.740024293828398
3.374066920583134
3.0627515776391125
5.521398170630155
3.6802013287623554
3.608486684798362
4.616595318731522
4.572856129599888
4.123441006353612
5.513937026537802
3.463527501688245
3.5344469578978055
4.474913294244055
5.291575130812933
3.088719095610622
3.8734147477133427
4.142391391730252
3.7583244206611592
6.3049566987142
4.061884566629672
4.859053985763088
2.5298912128241526
0.5098297056105561
5.696709046861441
4.466494431315419
5.8481961496907555
3.3852107622150576
4.147714624391692
2.6693109589169546
4.126684017643906
