0.26214898798360264
0.3607049169900142
0.4302841572156828
0.6617337358280434
0.5097571429995045
0.5829374851715862
0.23561759177448957
0.06554929893726723
0.2061701774824135
0.3621239659977759
0.3239092965765951
0.4316400837294039
0.06773777242523814
0.6244384511164373
0.29513331776197865
0.31200419251344463
0.4937187827530907
0.5249368830969784
0.7412178884613976
0.06958215312304862
0.4472434466708288
0.3050918792662208
0.3642871812058342
0.5437554930854779
0.3693666079276874
0.33912384547835384
0.60481639691749
0.02782523153638546
0.37199404875510894
0.11709026500249076
0.4669574414912976
0.4693107844690693
0.3589160301194227
0.7385621261867286
0.1762586487914486
0.41846659797919433
-0.1526445208517041
0.3073424058268945
0.414902162100057
0.3924233584547794
0.566614943802022
0.13187646609839174
0.22095508343256487
0.6000895352376042
0.38302307867249974
0.49690260617646126
0.31878302464597413
0.5138857673397514
0.6802244706299815
0.14743631969706045
0.46686719704396856
0.5229683944447057
0.4161762336080223
0.40440173804556384
0.47664462162812343
-0.21197214883962812
0.319890065995511
0.06826873042702812
0.39651421927334624
0.0798139542688107
0.24496222482211302
0.5340995710756111
0.18101179375589851
0.5643586308138376
0.6270244237824788
0.46714752062517323
0.3401723995801482
0.299595693266604
0.5015928994269728
0.390257902268026
0.43001789318579986
0.4143870790388253
0.4026565341780672
0.5819308733668211
0.13767096963641814
0.25779977103467017
0.32255827007587656
0.3831064620935026
-0.056021258169256155
0.5385860843921845
0.6577896679034619
0.438959296565711
0.00336492062105731
0.26800013199685235
-0.07294018341432407
0.1771662063715882
0.717699907118195
0.5283160315131158
0.12914207490117904
0.3709781135540533
0.3442104742868051
0.5479070319154468
0.07457571071181031
0.6068552155687676
0.47102542212504556
0.25240672789865826
0.4447427887480084
0.49465325039573443
0.5767725321619471
0.5532535829594697
0.4813002882151045
0.16394589140825103
0.2504406995780509
0.6133820616904013
0.4050051287038894
0.5783253655556305
0.5248249946825574
0.20537890555896635
0.27144437804347127
0.16197343277251744
0.7088494558899455
0.42567631160479386
0.25443675809898
0.07268044277008262
0.07350522744086459
0.41219415792481223
0.7384508656420916
0.25232219140741824
0.5263734633262153
0.07743122880045608
0.5470036573866878
0.31094672973961396
0.3848376467800996
0.4781232042570244
0.6531124297668615
0.27987265361840225
0.5073829655157288
0.4810509445767884
0.3937984201081965
0.5185720095074525
0.013964184164314995
0.09243926870102193
0.20653273658015017
0.19196871480033514
0.21566986056478313
0.3379356504247193
0.4455266024861082
0.5704392376605192
0.38314173572510674
0.7305900443965356
0.42458687326407785
0.3890699430759385
0.30187334493388346
0.4447204025553433
0.629776752017856
-0.021331564846070798
0.5137816770179832
0.47997416426672573
0.27684455568159994
0.05684816533414899
0.11864603584948075
0.890447137360979
0.33604686200310757
-0.03136445301537435
0.4911077236305064
0.3070062228625927
0.48791840403383674
0.7699494861124744
0.40982318174726146
0.368114496722546
0.2242147846472132
0.4621578898402315
0.42163489480759914
0.47110068708082076
0.020510703229641658
0.6313314298484985
0.3489358756366561
0.14408393768278818
0.44960386137801983
0.7641275921904834
0.48460308852295025
0.2920994523591804
0.30980880443682635
0.587221138009591
0.6745920354416867
0.3804015902500852
0.6869776307043759
0.4182142736151471
0.2318006370261633
0.9668077442255344
0.3536144181255057
0.4768160853320859
0.5523713700820266
0.5102422086402132
0.34278789463704723
0.4765222658932717
0.5733212729696762
0.12404487795930119
0.18420823573554757
0.048411189222483365
0.48378083943283207
0.117800903155712
0.17371175804549413
0.4476983165233088
0.784283113804137
0.41348047803338495
0.7640804398999315
0.49541915068997167
0.28349721666248134
0.7466076197868782
