-0.0010952519330885496
0.06184747435886448
0.05068613058198598
0.03632446506538784
0.006377822046526582
0.045909754600923364
-0.006849270893167614
0.005265174748518136
0.021891341885849278
0.0012814786497724504
0.04990281680538985
0.04893099205353368
0.024602149176257696
0.05820828531076052
0.04557361827393638
0.04993468570417007
0.009733276088086738
0.024328481598723434
0.10167628256434909
0.011247670141857152
0.021000771438018557
0.028579959265183492
0.028774678975713775
0.06386920745511492
0.029812142039914623
0.0376717683497609
0.06698761589239581
0.013352412868530608
-0.01018137365411724
0.051169877699208756
0.0615858325611184
0.08679575786317172
0.02216513467727473
0.03541111224416592
0.023921241048373256
0.008779788989138863
0.02338552771832224
0.021171090559875882
0.021165186905325914
0.05467998837747919
0.10214804243278586
0.02682233401150762
0.00011751640761769981
0.023705884428467255
0.006793446062964152
0.07630115445863207
0.010867083740681882
0.05276114028719203
0.07030562124152577
0.057344088177231654
0.050687362290173614
0.12093691718641686
0.017663349657411034
0.01593573888649712
0.05336902186367928
0.038707346738722954
0.026775543399666788
-0.011481478026945621
0.045154507489818314
-0.0052175779098953086
0.05798197395067773
0.06653564048469914
0.015314839505647245
0.046650758880223846
0.03893602464404015
0.056904322647412166
0.0519930743244588
0.028813045930151184
0.022411957480857555
0.008862794596445775
0.031778533220443585
0.015934075286695566
0.004869138539210171
0.047581711151731425
0.006358751323129981
0.012473699312961361
0.04102576717644823
-0.016144512598038008
0.003116806892087059
0.04867169265564788
0.02988712989120723
0.0810378421166288
0.06390447735292049
0.022281452854052475
0.0066472196849147605
0.018344088266326494
0.09601817370324676
0.03638190148744432
0.011169506817938137
0.04379591706421693
0.03299221481204292
0.022713606440554635
0.009192394333858293
0.04451393795864328
0.028333681473884497
0.019244437664035188
0.020414661876450038
0.08452441459843883
0.041080154818844354
0.08868785377093208
0.041655242386493964
0.0038357768405866428
0.009709838517755294
0.053187824287208973
0.03537858820616927
0.04331386659572704
0.04030468893884096
0.0025279080200230814
0.018514265901614268
-0.004608586775324987
0.11702581023405739
0.028491241612600745
0.030410792395245634
0.023499408503937644
0.07401153553685143
-0.024218238046596233
0.0855934055674259
0.00581129121581116
0.09139318252291802
0.03092354101025006
0.006888859007579374
0.06448105126037809
0.023285384890426947
0.045217034110442554
0.06445577479068111
0.009938570748249033
0.02218797192722986
0.048872505309897035
0.0539101616757636
-0.007460649842177518
0.01544668475798055
0.005070879110130498
-0.0035238776490936654
0.022249481040249958
0.03996984705951898
0.06886852246622428
0.008624785203254428
0.054726946279884024
0.05256857095279047
0.0659252106139881
0.0174443562888001
0.0072286847167651715
-0.0011472606582200895
0.07316649969651852
0.05702775165060158
0.008896965141932278
0.04157352940902852
0.00935934318368877
0.0005761107156728406
0.015437318332756503
0.018284839100685825
0.11113824657860905
0.002848716150702141
-0.004758335373896148
0.058874013070602305
0.015612962805074099
0.02006957175393397
0.10330860638443551
0.021310707157402315
0.02044625801881781
0.009718034764368725
0.014328100804601784
0.02657136518993769
0.06653505077829747
0.0028871442998860512
0.08480877298864088
0.028912770656181686
0.03708603341950564
0.018282759751245513
0.03219554254944661
0.03380882969678058
0.03980718410050566
0.009212645148541114
0.04952060341019834
0.05945523376716861
0.00951909347487625
0.05101594735832374
0.023942787209893943
0.008024956346753936
0.16439507287221075
0.03355077651099036
0.019506022963331555
0.07055965014671901
0.06412088216334695
0.006813377081042837
0.055424304474275266
0.03755471692639963
-0.0005725306602733235
0.02808883663180409
-0.006460111738134835
0.021921617206529766
0.000513023812202906
0.009324702200377007
0.0727720898490314
0.09203952202718425
0.038041011023387916
0.07138108262243191
0.08936509548273913
0.020698329805260946
0.05926999782722975
