4.06066274554  -169.690659775
5.05916011814  28.2309130406
5.93246529099  -217.75492095
2.34700218158  -7.93495722549
5.60547945469  -101.168219947
6.04589292371  -120.764341609
3.32113958441  -107.478763992
3.71538679087  -41.3028255123
4.95105266437  -242.295632551
5.35436068284  -124.008714278
5.89208667021  -110.782288607
7.05392031591  -18.6137893883
2.97010798615  -67.2282780489
2.93704004976  -3.9882619431
4.93607532769  -119.71803252
3.30222656042  -92.2494362564
3.8597984991  -67.6291238879
4.08169583498  -221.447670458
2.88859407886  16.5410765495
4.13905250955  -78.3515883696
4.88351634786  -123.863146253
3.99271598174  28.7895371423
3.04184437585  -181.756545677
2.70451692235  -36.2634921446
5.82324497621  -54.972549969
6.80251300525  12.6407615919
7.94175979415  -189.030772114
4.26729592759  -169.440182717
1.24389649795  -86.9867227803
5.22091293814  -210.313747232
5.48700869122  -45.9483754471
3.96051741539  -11.8129699389
7.40949772547  -32.5356615172
2.58057194293  -12.6311217244
5.00940408079  -116.115234226
4.57164213556  -107.804817905
5.69501962509  14.7090875336
4.66302525822  -224.673531811
5.28513326258  10.1376617133
5.85093476219  -66.6820862079
6.58299967588  -72.9080036757
6.10310973244  5.03750966311
3.88740121462  -178.553878989
7.92006025463  -43.4875815333
5.30378151406  -111.483544262
10.1661465836  -48.7667162513
3.72205424487  -138.564996406
3.98271125646  -105.745463658
6.6821581649  -124.186094014
3.35984104943  3.50961787034
4.67197073098  -209.463689854
0.516229646073  -74.6940847881
4.87192002162  -144.37592542
4.28288209508  -12.0841730125
7.12497560569  12.691367805
4.08944126158  -78.3642783366
1.98996383691  -130.218989294
8.25775760163  -162.883786652
4.83878847494  -175.831164097
5.00478256042  -134.859826291
6.15480231574  -1.09808548563
9.11780529548  -41.0281860341
4.12091506582  -124.516012943
8.16672843771  -97.2383487238
6.93868336887  -45.651361315
4.13238546105  -55.7632336927
3.5588438649  -121.599518255
6.92648431697  -17.1382171618
3.44505437554  -84.8750689134
4.12418119266  -15.6937811076
6.80973366316  -22.0280296871
11.3141752303  -71.6343124709
5.38264222892  -175.49039509
5.05452488977  -88.03871882
1.80607059345  -13.5942892081
4.21983729092  -80.4339116097
0.604675687909  -16.3108981856
3.87066650674  -90.7178163477
4.66767043133  -94.1213112251
5.97107391636  53.5988751888
7.93174179404  -175.762970761
7.94838819403  66.3765553985
8.46467103109  -20.1980195776
1.39754358483  -33.2364278958
2.04528148943  29.7038121816
2.69291739825  -47.7214488704
10.1389962627  -17.9964076756
1.81660515272  2.16132254668
3.12253006159  -40.9173636779
1.65784594252  27.9556517713
5.50371199057  -123.675091343
4.66035024425  -122.566245614
4.61530023445  -51.1349612342
4.86419984272  65.789498044
5.22539261016  -68.3714547206
2.79828182082  3.10309981324
3.11167864759  -10.5809071452
3.79390400827  -105.270560456
1.52418659656  -35.8092370432
8.52455218023  22.8246582703
6.12016759529  -91.0171719796
6.3529927246  -68.7224941331
3.8464862942  -274.833300263
6.81647245904  -154.371636188
2.92640597696  10.359326659
2.69633025156  -16.3635586189
9.17468132993  -93.4739641715
1.32331136173  -76.1812529559
2.58615963068  13.8912192615
3.91117989365  -255.463540368
4.15126576946  -31.5052459729
1.38777894489  -45.8883112725
4.64412159163  -61.3290853678
4.23305968333  -39.0720501554
5.5799974095  -128.829986728
6.31432114144  -11.0331678271
8.69787555159  -12.5905956518
5.49345609868  32.7110600892
5.36477767304  -146.464068939
2.98828719034  -135.064786392
4.68575166231  -54.9152657239
5.53003692365  -91.4851943498
6.5464339267  -19.0141482517
4.53878370303  -56.841003814
5.71194527607  -136.274166787
3.86016004465  2.74446303228
9.53000741358  -176.826399162
3.18747836448  -92.0416060757
5.16709378099  -38.6080371485
8.49818368917  -180.100402192
5.92087999002  -57.3323210459
3.45765637676  -104.047105002
4.33350806737  -1.51316915381
2.01924500324  30.0150046336
6.85839618011  -25.3218526689
2.49123282471  -130.260842088
7.0561227479  -222.380769409
7.55971248924  -52.6620877949
-0.831511540824  62.8498311288
4.03660926237  33.2792058347
5.2953524973  -77.9943337943
5.01146655144  -15.600584497
2.54430457172  -48.108849943
2.89913643034  -44.1382359482
5.74984451633  25.6088081974
4.599563734  -180.318041059
4.49007872453  10.4086416274
3.15830565119  -40.7635035971
3.61165425392  10.1725570183
6.38165354893  -211.217707042
3.78324287178  40.1618222023
3.99728347876  -8.78705499603
4.73882612344  -136.673946155
5.89867083796  -13.0565911673
4.23645825192  5.55253011521
3.27042576621  -173.272127875
4.87396729575  -80.7088748484
4.37798698036  -8.1651337174
6.03139034643  -121.731631243
6.20120297067  -252.708147691
4.94283455952  -19.8072678465
7.89549046787  -170.199905867
3.36221851017  48.9855206827
5.19631119863  -67.4086604482
2.73419822688  -41.9921638261
5.67471488101  -50.7968843006
5.43022853474  -76.5186452748
9.30710204806  17.5683650305
6.85694240496  -249.285349686
10.9224135853  -18.0633130627
6.32853126684  -22.383250564
2.93067390624  -243.804555963
1.83076442854  -39.3486235373
4.59162467933  -56.9346692778
5.51697091309  -16.30207335
3.81660768106  -65.8325947698
10.4357409305  -7.58099187692
5.10560657384  -35.3463393263
2.24695514706  -64.8739629551
2.71817732009  35.9301706418
3.24748579575  -163.003895645
5.21917014693  -92.9070460735
1.57645542864  36.3595637483
6.35238790315  -61.2810078541
7.31716849924  -9.8880775317
2.15158297604  7.82213034384
4.42392478223  -195.714109229
2.99189739228  -93.3466260509
5.71207568871  -45.1294601793
0.932443631971  -138.675912273
4.04876962025  -26.0068651227
5.24252514501  -138.607574046
6.90464440863  -212.778979238
6.3026970432  -87.5991260127
4.89562837977  7.22778848938
6.75621774887  -174.817487447
6.21967069507  -115.776534646
4.27243969503  -39.7679316914
1.70978060714  19.7187917429
1.77031250271  -85.3392662919
