4.34497380129  -169.507935298
5.41338189042  28.4840097802
6.34783233221  -217.683188735
2.51132970886  -7.93362522672
5.99795228033  -100.926460704
6.46920170549  -120.600031267
3.55367224242  -107.422646246
3.97552303148  -41.2484301115
5.29770519334  -242.259012624
5.72925119553  -123.82334488
6.30462656498  -110.583075734
7.54780706737  -18.3243542672
3.17806284232  -67.2145357958
3.1426796238  -3.89528374586
5.28167920459  -119.579221322
3.53343500557  -92.1698626033
4.13004585896  -67.6428450168
4.36747954193  -221.404716268
3.09084166347  16.5406674025
4.42885209709  -78.2752253408
5.2254402592  -123.690879284
4.272269682  28.9681939749
3.25482192166  -181.708576386
2.89387617468  -36.246647939
6.23096485614  -54.6197178022
7.27879724145  12.9698222238
8.49780944738  -188.803010278
4.56607459659  -169.411524573
1.33098906109  -87.0872141006
5.58645998364  -209.986822137
5.87118667685  -45.6604328205
4.23781670327  -11.7795071593
7.92828055795  -32.1692691642
2.76125307295  -12.3454246527
5.36014213812  -116.128515541
4.89172988563  -107.672692272
6.09376168853  15.2840659888
4.98951128211  -224.603035178
5.65517675345  10.4285984969
6.26059336808  -66.3333586445
7.04391448342  -72.6896661133
6.53042460198  5.42082104026
4.15958120411  -178.52255156
8.47459059454  -42.8351379752
5.6751306795  -111.331625167
10.8779387341  -48.1781432357
3.98265731343  -138.448472157
4.26156446664  -105.696144821
7.1500156457  -124.021010767
3.59508342629  3.48851529468
4.99908308041  -209.503609568
0.552373941938  -74.6471373377
5.21303200547  -144.278882384
4.58275204399  -11.7842624088
7.62383735894  13.153359108
4.37576727173  -78.3807976277
2.12929299445  -130.268560305
8.83593213346  -162.25899591
5.17758072292  -175.620202926
5.35519703774  -134.736073701
6.58573648928  -0.771470559424
9.7561968616  -40.4487102635
4.40944474346  -124.313635755
8.73852947848  -96.923149259
7.42450169895  -45.3886417907
4.42171824902  -55.646379323
3.80801960784  -121.599400732
7.41144851916  -16.7879151301
3.6862630422  -84.8901471826
4.4129395512  -15.6676955888
7.2865234604  -21.705634294
12.1063476677  -70.8274430548
5.75951290021  -175.363257681
5.40842212225  -87.9348391325
1.93252429555  -13.4912325124
4.5152930996  -80.3996903009
0.647012615151  -16.328722894
4.1416748002  -90.7074731522
4.9944816913  -93.8468750174
6.38914417619  53.8519278668
8.48709002773  -175.3474992
8.50490194081  66.9555379056
9.05733279794  -19.6980178965
1.49539389079  -33.20647642
2.18848376353  29.7820784464
2.88146449918  -47.7249466708
10.8488874583  -17.5255417369
1.94379644174  2.22079933563
3.34115689027  -41.0245639825
1.77392155867  27.9791418637
5.88905947314  -123.565699006
4.98664897456  -122.520807491
4.93844474668  -50.8307734723
5.2047712911  65.8604415263
5.59125330404  -68.0123294674
2.9942061092  3.2059936845
3.32954570449  -10.6031920625
4.05953770443  -105.033338814
1.63090393005  -35.8666772798
9.12140658109  23.2897950318
6.54867678686  -91.0624241072
6.79780338283  -68.3798073381
4.11580158772  -274.744391848
7.2937340793  -154.251364444
3.13130099656  10.4589314687
2.88511630657  -16.3518411572
9.81705512418  -92.902724779
1.41596422997  -76.312987536
2.76723198783  14.0479157861
4.18502476934  -255.40511943
4.44192047968  -31.3369897312
1.48494557056  -45.9005849853
4.96928405783  -61.1958003137
4.52944127003  -39.0328811397
5.97068608619  -128.652390702
6.75642417302  -10.9053519887
9.30686534852  -12.0504780159
5.8780855055  32.9160974772
5.74039754094  -146.307495222
3.1975148803  -135.142623261
5.01382889639  -54.9341388305
5.91722757074  -91.2287283519
7.0047885495  -18.715899298
4.85657083958  -56.6500141779
6.11187240461  -135.891838631
4.13043271845  2.71831113189
10.197259692  -176.408374033
3.41065260862  -92.1074215797
5.52887262845  -38.4044022463
9.09319187576  -179.613890456
6.3354358757  -57.0724096266
3.69974738419  -104.095296032
4.63692264053  -1.39089151135
2.1606243087  30.1438073662
7.33859312846  -25.0441130499
2.66565879379  -130.407527718
7.55016370467  -221.93824468
8.08901274726  -52.280169165
-0.889730589992  62.8831040825
4.31923619125  33.3960921635
5.66611149735  -77.8817402044
5.36234901456  -15.474781113
2.72244640823  -48.1447330269
3.10212214743  -44.132591429
6.15242519521  26.0838796026
4.9216064406  -180.276316149
4.80445573698  10.5886695841
3.37943734085  -40.654400214
3.86452756507  10.1482212115
6.82847092126  -211.042468902
4.04813011862  40.2009861527
4.27715697656  -8.67683427611
5.07061941497  -136.52744672
6.31167172932  -12.6820274987
4.53307779255  5.6342814883
3.49940764937  -173.208215429
5.21522262138  -80.5439125103
4.68451578574  -8.04005879021
6.45368371686  -121.474546081
6.63538592896  -252.59630957
5.28891169029  -19.746683089
8.44830053145  -169.932996102
3.59762734714  49.0120738612
5.5601357306  -67.2320765519
2.92563564319  -41.9427379474
6.07203528902  -50.6085176094
5.81043100522  -76.1332653595
9.95874740129  18.4742086195
7.3370375659  -249.200865935
11.687156469  -17.0442078683
6.77162923349  -22.0394801346
3.13586774886  -243.860604522
1.95894709234  -39.3632233543
4.91311152568  -56.7616574234
5.90324673137  -16.1691816664
4.08383099587  -65.7624313279
11.1664089784  -7.08517865842
5.46308033765  -35.0944514504
2.40427778873  -64.8501495882
2.90849301779  35.9557845196
3.47486151567  -162.9861564
5.58459516929  -92.7498438553
1.68683241272  36.2390230191
6.79715621424  -61.0824158631
7.82948681559  -9.53679086151
2.302228047  7.83870678575
4.73366996526  -195.625021904
3.20137785387  -93.3353342221
6.11201194821  -44.8504026923
0.9977295348  -138.696889661
4.33224796783  -26.1520451907
5.60958538915  -138.354287829
7.38807946945  -212.532804008
6.74398620279  -87.4065179161
5.23840032622  7.53562730828
7.2292605799  -174.694667117
6.65514668816  -115.754792789
4.57157850966  -39.8203569664
1.82949247685  19.8784383796
1.89426256903  -85.3425641443
