2.20604756  8.73332005  1.08879005  4.23931933  21.5955863  10.9393676
5.67555886  7.77060413  4.18896420  2.52574941  26.8755902  13.4461629
7.24664482  5.90334137  2.41670085  3.62225985  25.2279075  13.1499861
3.22138904  9.56612766  2.26745130  4.36170474  26.0458287  12.7875167
6.88070460  8.32514557  3.53096791  3.70172152  29.6712290  15.2058501
6.80443543  7.35152039  3.10079815  3.54958821  27.4567285  14.1559558
6.48050061  7.82894288  1.86917665  5.24714088  28.5420785  14.3094434
5.03741455  10.3152406  2.34398993  5.29701305  30.6346611  15.3526552
5.58116326  8.03579443  1.73293777  4.46123316  26.0052995  13.6169577
7.91638458  5.74883521  3.23574891  3.09889034  26.3344983  13.6652198
6.18266494  7.39765860  1.74667144  4.68263113  26.4389286  13.5803235
6.71800580  6.78793883  4.50792118  1.55283183  25.6274506  13.5059446
6.70443014  7.17511776  2.37140513  4.16099253  26.9443432  13.8795479
6.10873366  8.29196730  3.31964762  3.32987834  27.6997528  14.4007009
6.52407675  6.59946377  3.85097606  3.09789114  27.0212749  13.1235405
5.27885061  8.45500112  2.36146503  4.11504479  26.6868714  13.7338517
6.30233962  8.16651134  2.97790110  4.22913956  28.8829323  14.4688509
5.29549147  8.04411820  2.24834775  3.91875312  25.6738114  13.3396096
6.04012953  7.84820960  0.42144266  5.65846158  26.0481476  13.8883391
7.26705910  7.70164749  2.46309421  4.88054886  29.6559927  14.9687066
6.03132846  7.11392421  3.22158388  2.44725444  24.4829293  13.1452526
6.33879047  7.47997068  2.97176623  3.91123744  27.5847685  13.8187611
6.46273131  5.70507609  2.93299448  2.84042702  23.7146504  12.1678074
4.39837189  9.29943487  4.31344664  2.86680635  28.0583127  13.6978067
6.21322715  5.86242000  3.85517591  2.21573322  24.2174654  12.0756471
6.61139179  7.39293357  5.35808464  1.95001773  28.6205301  14.0043253
9.32266127  3.80661076  3.17879300  2.22094883  23.9287557  13.1292720
7.69118288  6.32340676  2.66133442  4.33942440  28.0161073  14.0145896
4.09109015  8.98746495  3.16621389  3.38889142  26.1887657  13.0785551
7.48822220  6.73239632  1.97253493  4.53850192  27.2426922  14.2206185
5.52607285  7.35424426  4.62775216  2.93463017  28.0050817  12.8803171
6.46205834  6.59227693  3.64480625  3.40739643  27.1587406  13.0543352
7.97603012  3.55395133  4.22977752  1.36040412  22.7103447  11.5299814
4.67479107  9.78066304  3.85970261  3.64839836  29.4716560  14.4554541
7.27937775  7.24270406  1.84937790  4.50105608  27.2229498  14.5220818
7.55072468  7.08948335  3.24915545  4.00960318  29.1577253  14.6402080
7.61554575  7.77617343  2.41441228  5.14032293  30.5011896  15.3917191
4.16762807  7.58694279  2.02733130  3.07592115  21.9610757  11.7545708
6.97590290  8.17193059  4.10997388  3.43871761  30.2452165  15.1478335
8.26464186  7.47643496  4.09402572  3.40014785  30.7294239  15.7410768
8.20722787  7.08654109  3.14365809  3.63802487  28.8571349  15.2937689
7.56401584  5.84287985  4.51684087  2.48577299  27.4121234  13.4068957
5.18024004  8.55467282  2.79145812  4.03788768  27.3936044  13.7349128
9.10361018  5.47953209  4.65196351  3.18240403  30.2518773  14.5831422
6.85585098  6.25375170  2.95178530  3.33740568  25.6879846  13.1096026
9.67859273  4.41527466  3.49896329  3.34361538  27.7790247  14.0938673
3.80312590  9.07733881  2.42565156  3.73512680  25.2020214  12.8804647
7.10029837  6.55754224  2.04747517  5.05884352  27.8704780  13.6578406
10.9500894  2.89450249  3.44412195  3.24516868  27.2231732  13.8445919
6.57756398  7.98903570  3.02468900  4.44749085  29.5109594  14.5665996
9.22963428  4.40922465  2.33628779  4.11084370  26.5331219  13.6388589
7.04983679  8.39535409  3.17450392  4.83041705  31.4550328  15.4451908
4.50163724  10.0290875  3.09715836  3.50911902  27.7432795  14.5307247
3.18790684  11.0588643  3.35949309  3.62240460  28.2105666  14.2467711
6.31703029  8.49706909  5.16071465  2.09649725  29.3285232  14.8140993
7.22524567  7.98690719  2.29358023  4.86191866  29.5231506  15.2121528
5.41631823  6.54115415  1.48860712  4.68641993  24.3075265  11.9574723
8.40282416  5.93029047  3.78633023  2.92523296  27.7562410  14.3331146
4.91690715  7.49687872  2.90118562  3.21748625  24.6511296  12.4137858
6.22227531  7.40093276  2.56079817  4.41382021  27.5724448  13.6232080
6.60664427  6.23034875  4.99323433  1.53348468  25.8904310  12.8369930
7.99820052  5.72003520  6.68638260  0.25939527  27.6097914  13.7182357
4.20074282  9.56345232  2.89951195  3.81326672  27.1897525  13.7641951
8.91205396  3.30925707  3.04518592  3.04636972  24.4044223  12.2213110
10.1476416  5.35337933  3.85250791  3.50712935  30.2202955  15.5010210
6.37580789  6.91297649  4.51654821  2.14950497  26.6208907  13.2887843
7.39604784  6.68200538  1.80101000  4.03216029  25.7443938  14.0780532
8.22739664  6.71117010  4.98143882  2.91236439  30.7261731  14.9385667
6.90068607  5.67939671  3.02989065  3.22228869  25.0844414  12.5800827
7.43286831  7.20494854  3.73195500  4.13269860  30.3671240  14.6378168
7.34748687  6.59781071  2.92042373  4.12758588  28.0413168  13.9452975
10.7137988  2.28848847  5.05421338  1.34332229  25.7973586  13.0022872
5.19362200  7.01217580  3.03270142  2.69433861  23.6598778  12.2057978
9.33284033  4.87022647  3.00266757  4.22763045  28.6636628  14.2030668
5.48854226  8.96314749  1.27529768  6.74737882  30.4970427  14.4516897
4.91873818  8.05235246  2.55624398  4.54753513  27.1786488  12.9710906
4.96809167  10.6417956  1.75691767  5.86584663  30.8554159  15.6098872
5.12598748  9.33693610  2.78166419  4.39894263  28.8241372  14.4629235
6.22100668  7.33248084  4.57364849  2.09967195  26.9001284  13.5534875
6.61428372  7.08461214  4.29691821  3.04685402  28.3864403  13.6988958
9.30641347  5.39262103  3.38248391  3.61019557  28.6843934  14.6990345
8.22471369  7.26667425  5.26278310  2.21681906  30.4505922  15.4913879
8.85267886  6.08647187  5.27524399  2.74212411  30.9738869  14.9391507
7.11772101  7.48277618  1.86185099  5.27560334  28.8754058  14.6004971
2.09748819  11.6128651  3.92029849  2.83057105  27.2120924  13.7103533
5.89247710  7.58954513  1.30333005  5.71691151  27.5225053  13.4820222
7.68904164  5.20852783  5.44691417  1.81541325  27.4222243  12.8975694
3.17903099  9.90078972  1.88635456  4.99832865  26.8491871  13.0798207
5.99575422  7.68287864  2.47757069  4.28271477  27.1992038  13.6786328
3.37123224  11.8317494  2.33348151  5.33133880  30.5326223  15.2029816
9.78361065  4.23418235  2.85003659  3.97005798  27.6579821  14.0177930
6.72345599  7.12910919  3.12398624  4.32208372  28.7447051  13.8525651
6.22656111  6.13999885  2.90605135  3.38676895  24.9522005  12.3665599
5.96346680  8.44350445  5.31296055  2.39035220  29.8135967  14.4069712
6.38003838  7.27320407  3.44246925  2.82225937  26.1826997  13.6532424
5.09352676  9.57055544  1.54351047  5.72160812  29.1943194  14.6640822
5.04013929  9.21990733  2.58446032  4.14293630  27.7148398  14.2600466
7.25232142  8.32947107  2.94612062  4.78719464  31.0484230  15.5817924
4.37991071  9.69632604  4.13871472  2.35937096  27.0724081  14.0762367
7.58940379  3.10350298  3.12514358  2.20779538  21.3587847  10.6929067
8.38841836  5.37948122  4.20711896  2.94854377  28.0792250  13.7678995
7.13318705  7.71111156  3.36884552  4.36744700  30.3168836  14.8442986
5.21420931  7.69996186  1.96136808  3.30300655  23.4429204  12.9141711
9.32473274  5.63681943  2.84398436  4.38317673  29.4158743  14.9615521
6.09386078  6.79721107  2.31207417  4.18246777  25.8801557  12.8910718
6.14793520  8.59207661  2.73244784  3.93278011  28.0704677  14.7400118
9.52035141  3.47771546  4.58892682  1.95307256  26.0820656  12.9980668
6.20310532  6.86463815  1.39651165  5.87328161  27.6073300  13.0677434
5.56132058  8.59323588  2.44645808  5.00680997  29.0610925  14.1545564
5.98527315  7.07859196  1.94233880  3.84194128  24.6324253  13.0638651
5.37112104  6.80895247  4.79076600  1.42400714  24.6096198  12.1800735
5.45446019  8.66117773  2.48200722  3.63561510  26.3508825  14.1156379
6.35665034  8.38466194  1.76578799  5.42423691  29.1213621  14.7413122
8.78631756  6.31408464  3.10424678  4.01687170  29.3426391  15.1004022
8.15598597  6.13168516  3.96746681  3.01169245  28.2459896  14.2876711
8.19741448  6.34907766  5.60210491  1.17512987  28.1009617  14.5464921
8.09179334  4.48581092  6.06581319  0.48188088  25.6729924  12.5776042
6.18088281  7.24287382  4.63768774  1.79865512  26.2964423  13.4237566
7.45809246  5.46407945  2.89060798  2.84076218  24.3849122  12.9221719
6.83650458  5.85751340  0.95944570  5.58903287  25.7909751  12.6940179
6.79375179  7.85755610  2.33066780  4.33105948  27.9747624  14.6513079
9.24538938  4.98527726  1.54023481  4.86795685  27.0470500  14.2306666
8.41594084  6.02932552  3.57319019  3.82023335  29.2321134  14.4452663
4.89660735  8.76003912  2.42902517  4.33562013  27.1859370  13.6566464
7.25242399  7.37712371  2.39776430  4.63850917  28.7020946  14.6295477
5.85684737  9.01714271  3.80118026  2.88171475  28.2397801  14.8739900
9.09764326  4.15535547  3.46447077  2.80742219  25.7967846  13.2529987
7.22410008  7.06479315  3.43425909  3.35769619  27.8728038  14.2888932
5.82596595  8.44670725  3.73264069  2.84504405  27.4280427  14.2726732
8.09700245  4.32799336  4.24845779  1.62107120  24.1640538  12.4249958
6.80242174  6.28931127  2.61969138  3.93049389  26.1921035  13.0917330
7.98521929  6.09145028  1.57215691  5.47238139  28.1657462  14.0766695
5.85629063  8.10184069  3.72964904  3.47131487  28.3600591  13.9581313
4.25906196  12.4147689  2.27825927  6.27001871  33.7703868  16.6738309
7.06082265  4.21017050  4.27419345  1.40199994  22.6233799  11.2709931
9.69322948  4.56289392  2.48361967  4.61304736  28.4494575  14.2561234
7.98163634  5.22136113  2.68927003  3.79850845  26.1785544  13.2029974
9.60194819  5.25372954  3.19340875  4.25591294  29.7543211  14.8556777
2.17823013  13.6678244  2.71789096  5.06604218  31.4139208  15.8460545
6.90878372  5.45453229  2.50092217  3.54177969  24.4487197  12.3633160
8.19278158  6.85529332  2.54457148  4.77464481  29.6865075  15.0480749
7.00423744  6.96985361  2.36769821  4.42391767  27.5573228  13.9740910
3.12753292  11.7043860  2.67105625  5.17994289  30.5339172  14.8319190
4.48263596  9.38267215  2.79728657  3.21792340  25.8957280  13.8653081
7.22433791  7.54892823  3.61182990  4.04643882  30.0898036  14.7732661
6.56256075  7.06868012  1.80299869  4.72440014  26.6860385  13.6312408
5.56846186  7.18741575  4.16798881  2.79904941  26.6899540  12.7558776
5.98074182  9.14175925  1.91179371  5.49822935  29.9425472  15.1225010
6.56260923  6.95736660  2.53633969  5.19734129  28.9873378  13.5199758
5.61543157  8.96490200  3.25767737  3.57162638  28.2389410  14.5803335
5.59018637  9.15267059  3.62937563  3.59935036  29.2003089  14.7428569
6.61181797  8.68533521  2.71211628  4.57153851  29.8644627  15.2971531
5.83644244  8.30418787  2.69369622  4.08600885  27.7000404  14.1406303
4.74813852  7.73619011  2.22959698  4.07716755  25.0978577  12.4843286
8.66700351  7.62543883  2.90319051  4.35963384  30.8180910  16.2924423
7.44144389  5.33215573  2.00815814  4.08738637  24.9646886  12.7735996
6.36638743  8.94234567  1.58184392  5.99812963  30.4686802  15.3087331
7.28828299  6.59286644  2.88154382  4.04492992  27.7340969  13.8811494
6.54336520  8.04441296  3.41223309  3.62705064  28.6663456  14.5877781
6.41611093  6.07883474  3.07416456  2.49929230  23.6418594  12.4949456
7.69554580  6.08425306  1.60014507  4.85169530  26.6834796  13.7797988
8.35913725  4.76475489  3.42290280  3.02358507  26.0168679  13.1238921
7.05136766  7.12603170  1.76139066  5.20929521  28.1187711  14.1773993
7.68046249  6.64202269  3.20609961  4.30456666  29.3438177  14.3224851
6.75594325  7.01622284  1.68033393  5.54602557  28.2248851  13.7721661
6.73831686  6.90194967  4.69208466  1.97429236  26.9730206  13.6402665
5.01102178  8.47589926  3.07702336  3.54785277  26.7366733  13.4869210
7.09948027  7.52773247  5.10172158  2.12059905  29.0718540  14.6272127
9.57352171  3.56281571  2.62528797  3.47539595  25.3377053  13.1363374
10.9075653  5.58740323  5.47533986  2.73648583  32.9186200  16.4949686
5.78023590  7.89556566  3.52657812  3.29532352  27.3196048  13.6758015
6.41174891  5.88127205  1.00448322  4.57217789  23.4463432  12.2930209
6.98893942  6.91818657  2.04545102  4.37800107  26.7540301  13.9071260
5.89321127  8.67122577  5.17696956  1.82945484  28.5772858  14.5644370
6.04117158  8.14846444  2.53649856  4.41046856  28.0835703  14.1896360
5.61444387  7.65140378  2.26331482  4.35203566  26.4965486  13.2658476
9.15587894  5.94518873  5.61017148  1.87711945  30.0756495  15.1010676
7.39293537  8.13718952  3.77196119  4.21035092  31.4947491  15.5301248
5.66061785  7.27968937  2.87561396  4.15722889  27.0059929  12.9403072
4.67454017  8.03228832  4.72591511  2.20335874  26.5653762  12.7068284
8.91519062  6.13553006  2.41823503  4.88971747  29.6666257  15.0507206
6.36019837  7.06595335  3.61861605  3.19064916  27.0446821  13.4261517
4.95687501  9.28678500  3.94492906  3.14448558  28.4224893  14.2436600
7.80382585  4.63769273  3.12396967  2.90296767  24.4953932  12.4415185
8.14670308  5.26862444  3.88749222  2.84537216  26.8810563  13.4153275
5.06914811  9.15839051  1.23521249  5.67451949  28.0470026  14.2275386
5.40993240  7.83205111  2.39804388  3.10749162  24.2530545  13.2419835
6.07147604  5.91269472  2.73925449  3.48872968  24.4401391  11.9841707
4.97534416  8.31350198  2.88978560  2.96646906  25.0013555  13.2888461
6.41632853  6.52624732  1.22978616  4.53653553  24.4752192  12.9425758
5.92416743  9.03749671  1.78334273  5.66793108  29.8642117  14.9616641
6.02765956  7.15003784  2.80928298  3.02014995  24.8365632  13.1776974
3.46119543  12.6247560  3.42018275  4.33691743  31.6001519  16.0859515
8.85215764  4.48960950  3.90462508  2.71660368  26.5842246  13.3417671
6.85491975  6.26705393  3.43412366  3.44920682  26.8886346  13.1219736
11.6296363  2.92660021  3.68466014  3.21340821  28.3523733  14.5562365
10.9409421  3.81925080  2.66248864  4.46967137  29.0245129  14.7601929
6.09032399  7.82726051  2.44316888  4.24689155  27.2977054  13.9175845
4.06949255  13.0705898  1.22069016  6.79496719  33.1713971  17.1400823
4.26062304  10.1924380  3.14371614  3.54033884  27.8211710  14.4530610
