0.21227895  0.25959338  0.22602542  0.15589381  0.22570359  0.15522347  0.21234763  0.25913271  
0.18970235  0.20323799  0.17556377  0.15143441  0.23495874  0.15972843  0.16395763  0.24030795  
0.21717193  0.23283140  0.23830742  0.27012154  0.21433912  0.20622016  0.18645531  0.23375210  
0.24283112  0.21665203  0.24440807  0.26764742  0.20120074  0.18481232  0.26797783  0.24296404  
0.27414506  0.22074788  0.13140930  0.24170113  0.21235438  0.20218026  0.22921114  0.23669857  
0.23343713  0.26669013  0.23891975  0.22361193  0.26393037  0.25771720  0.23530772  0.15933069  
0.07279805  0.20679992  0.21220078  0.27627312  0.19990938  0.20709146  0.18492526  0.20373819  
0.24853433  0.28039370  0.24371524  0.21393478  0.20439720  0.18869135  0.19736312  0.16970493  
0.21601111  0.24708202  0.25457311  0.26697829  0.19019466  0.25396404  0.24076700  0.26717523  
0.20769756  0.18302899  0.17017217  0.21903701  0.20209003  0.26087754  0.25395352  0.14547189  
0.26191013  0.21000448  0.25054276  0.22127989  0.18581963  0.28055198  0.24195671  0.23833344  
0.23064467  0.24840822  0.21126666  0.24119931  0.21023505  0.18413501  0.21600682  0.22783112  
0.24667807  0.18782621  0.21105279  0.22120749  0.17939391  0.17334191  0.20548062  0.22401299  
0.23565861  0.13721253  0.16830736  0.17051313  0.17897756  0.22610783  0.19912456  0.16088698  
0.22578493  0.26188330  0.18171073  0.15016019  0.21040773  0.18681210  0.23895374  0.20949375  
0.25719542  0.17340876  0.26185297  0.14207597  0.21955756  0.17321383  0.17072833  0.14147524  
0.21444363  0.26252758  0.16721610  0.23122096  0.20207904  0.23749371  0.23050095  0.26723785  
0.22852770  0.23825908  0.18954301  0.25020600  0.28150884  0.14163890  0.18593857  0.18895584  
0.22242910  0.18861236  0.15465047  0.21428039  0.22967071  0.24725376  0.19677040  0.19658461  
0.25976250  0.26584878  0.19153884  0.24782058  0.15948457  0.22951635  0.24297260  0.23901962  
0.17969831  0.21264917  0.22668394  0.15984761  0.27033424  0.15942933  0.22039424  0.21085321  
0.24608000  0.22658005  0.15187377  0.19633682  0.25208333  0.28495937  0.22309819  0.21206956  
0.18686796  0.25741201  0.23712799  0.13734162  0.24713239  0.22719986  0.22220742  0.12406188  
0.15510609  0.13844308  0.23389533  0.14875411  0.18332091  0.17855594  0.19133757  0.15052752  
0.15302122  0.20963181  0.24001798  0.23343937  0.23128071  0.16508998  0.25603101  0.22102466  
0.12993676  0.21228372  0.24245968  0.17487082  0.23716532  0.18157595  0.18063422  0.28597882  
0.21768762  0.17132112  0.22541501  0.32474541  0.23153531  0.21660084  0.24756319  0.28818058  
0.21989409  0.17840219  0.25820569  0.15954388  0.26750882  0.18696516  0.25166843  0.15584200  
0.22716365  0.19697163  0.17631793  0.19148481  0.20699001  0.21570028  0.16056145  0.20533817  
0.19433957  0.26787438  0.28622262  0.24616005  0.16707145  0.17676217  0.30239755  0.30581556  
0.21312102  0.21358329  0.13424131  0.26092520  0.20091432  0.24332016  0.23224083  0.25422299  
0.11133667  0.21641542  0.24769361  0.17206332  0.25008588  0.16727023  0.20270501  0.11212512  
0.17041421  0.20343120  0.19815049  0.22427604  0.15502245  0.18703847  0.21868322  0.17564565  
0.23359934  0.18411433  0.20710489  0.18862387  0.24877474  0.18285031  0.21444020  0.12285137  
0.25759967  0.19948192  0.22689290  0.18228252  0.22931504  0.18389029  0.21021898  0.17687552  
0.20665254  0.18829210  0.21042146  0.22801839  0.17378555  0.24670456  0.22342780  0.18044807  
0.31597363  0.26983207  0.22435159  0.17233128  0.21462455  0.27222588  0.19456993  0.21647417  
0.24996587  0.17578217  0.22506719  0.19981941  0.17612726  0.21338682  0.18609383  0.18976998  
0.20927007  0.18014127  0.20150095  0.24168127  0.15145601  0.25337644  0.20490295  0.23832667  
0.28700848  0.26934668  0.21190957  0.19587202  0.27643239  0.31657307  0.29697158  0.15110953  
0.24790258  0.15017097  0.20862626  0.18629423  0.10811383  0.24676235  0.16231157  0.23496048  
0.21179992  0.15050221  0.20406637  0.18675443  0.17753955  0.21117839  0.17119972  0.16545612  
0.24612359  0.24929925  0.16264900  0.21750583  0.25697663  0.26094178  0.22617847  0.18010602  
0.18686856  0.24367931  0.24373495  0.17930049  0.19229063  0.25137640  0.23968353  0.12370182  
0.14821695  0.17638274  0.19325616  0.24397827  0.18397667  0.22615232  0.25943162  0.24796786  
0.26013088  0.17324725  0.25348776  0.19821740  0.17771557  0.24918798  0.19780625  0.16195755  
0.22354028  0.19317415  0.28164250  0.18989017  0.26174045  0.21449043  0.23292426  0.20791211  
0.26783536  0.21589338  0.21405767  0.22335374  0.19345198  0.15170773  0.26189058  0.22225130  
0.26699740  0.20165459  0.21975478  0.17990561  0.19568511  0.23284189  0.17883102  0.20935154  
0.23320653  0.22243248  0.15208819  0.20803854  0.14988320  0.30164487  0.22424904  0.20801260  
0.16016301  0.23351658  0.18986412  0.22393016  0.20337362  0.33189587  0.20902179  0.19278591  
0.18098314  0.17596990  0.22358596  0.21117465  0.11258852  0.30640981  0.18488190  0.25112021  
0.17758312  0.21605981  0.20921420  0.23785650  0.15779034  0.21281004  0.18612942  0.22141757  
0.23097355  0.20162018  0.18346000  0.19235828  0.22719791  0.16294719  0.24114238  0.23873641  
0.19536001  0.24022798  0.20517124  0.21285594  0.16742326  0.18418649  0.18884312  0.17774593  
0.19227756  0.18498451  0.22520794  0.24842533  0.22509955  0.24741063  0.25639854  0.18976752  
0.21191799  0.20099404  0.27613171  0.18390584  0.27731312  0.26756937  0.24661108  0.18379414  
0.24302906  0.20464615  0.22743930  0.22618837  0.24059667  0.27187289  0.22491567  0.29390243  
0.28963107  0.24176923  0.15822520  0.12143645  0.27327293  0.23625923  0.17765933  0.17776983  
0.22910613  0.25342102  0.16065771  0.18402374  0.19357082  0.22390376  0.19206251  0.18672391  
0.17019507  0.15192098  0.20639582  0.13255706  0.12726869  0.21627121  0.15161786  0.18348250  
0.19666985  0.14827409  0.17465642  0.19587135  0.16914459  0.16652353  0.17236284  0.22988366  
0.25498548  0.18902655  0.31789880  0.18555573  0.26479319  0.16179374  0.25032476  0.17335093  
0.20740837  0.21855678  0.18709391  0.27940922  0.17942941  0.27762786  0.18715068  0.18564946  
0.24741539  0.20410218  0.22999407  0.23466107  0.18580217  0.20305294  0.23585048  0.16297791  
0.25130283  0.20792703  0.16923939  0.15645894  0.13747763  0.14364144  0.16296180  0.16167858  
0.18841828  0.13935664  0.16418156  0.17771445  0.17416756  0.16857210  0.18135811  0.17349902  
0.27034906  0.18659460  0.18434269  0.14429784  0.20882169  0.16193780  0.18280915  0.22545832  
0.20161982  0.20918658  0.23842718  0.20207311  0.17964796  0.21435213  0.20274883  0.14686777  
0.17812926  0.22161355  0.17230795  0.22954982  0.21633677  0.18018054  0.21457748  0.22919231  
0.23376565  0.20207698  0.17811059  0.19671892  0.27866383  0.29041375  0.23243628  0.22693247  
0.25792286  0.22331915  0.27764037  0.28108710  0.20250920  0.22904235  0.22217150  0.30925589  
0.25405428  0.27209085  0.22477305  0.21837210  0.30526931  0.21966814  0.16124601  0.20755051  
0.24254626  0.22043059  0.30012536  0.15057212  0.16587691  0.17733587  0.28584468  0.23681579  
0.22981207  0.18866984  0.32499236  0.21905594  0.26649993  0.15139830  0.23213324  0.22809716  
0.24689584  0.20544865  0.28478385  0.22611480  0.24126189  0.18838419  0.13733584  0.24721776  
0.21610913  0.24185206  0.18116406  0.21993134  0.24479808  0.24733017  0.19183031  0.24891935  
0.23316344  0.13773514  0.29378542  0.18535455  0.24372196  0.20343307  0.20582530  0.20013800  
0.27066799  0.21356574  0.13395655  0.17125424  0.18987980  0.19704561  0.15945970  0.12784089  
0.21121832  0.16290740  0.21497715  0.23086568  0.26025685  0.20139150  0.22692431  0.23964473  
0.30343494  0.16278133  0.29859740  0.22579549  0.25086544  0.24357594  0.26981561  0.28108702  
0.16411653  0.19185349  0.22145498  0.16205160  0.22725507  0.17933930  0.17099722  0.16181004  
0.21291958  0.26126092  0.22267390  0.22529771  0.25240424  0.22849261  0.17534797  0.16968078  
0.19519524  0.22742930  0.19433978  0.19393646  0.22274488  0.29355902  0.19074144  0.21926029  
0.25355955  0.29384918  0.24043708  0.19557445  0.18872752  0.14350909  0.15690207  0.20117782  
0.16482824  0.13552286  0.20870176  0.21721249  0.19211610  0.20360046  0.21508321  0.24299481  
0.20877203  0.13518148  0.18889798  0.22618928  0.16881253  0.23376636  0.22837838  0.19560854  
0.17153769  0.24071644  0.20165184  0.23728740  0.20127742  0.24665240  0.18572042  0.27906823  
0.20637822  0.31467357  0.28385927  0.19247963  0.16658900  0.19511871  0.22962086  0.22401818  
0.16257902  0.14179128  0.17400282  0.13587125  0.21624905  0.18095443  0.20239583  0.21457441  
0.17948560  0.23895941  0.24667542  0.19431911  0.30903956  0.23990876  0.23697621  0.22410238  
0.17843389  0.24318531  0.14919673  0.28985301  0.25247008  0.26861568  0.23790634  0.21279223  
0.14701225  0.22519481  0.28113689  0.16276083  0.18321954  0.21566194  0.23633539  0.24033910  
0.25487268  0.19229453  0.17865056  0.24210318  0.16925292  0.19930531  0.22525801  0.13037078  
0.25208950  0.20096582  0.27431322  0.26376961  0.17106825  0.19627267  0.23938666  0.17035470  
0.24607634  0.22113140  0.26435361  0.26901265  0.28812373  0.22698701  0.31855316  0.24573614  
0.18423122  0.19874234  0.27360363  0.19976645  0.18813261  0.26063113  0.20250611  0.26170373  
0.23188875  0.23796240  0.18066030  0.23675805  0.22330119  0.22380098  0.15410362  0.20044171  
0.14048379  0.17066573  0.22620746  0.13106701  0.21646568  0.15676466  0.18709592  0.20294960  
0.14956132  0.23561921  0.22102442  0.18622382  0.20118630  0.20656729  0.19976585  0.17367025  
0.21012734  0.26188858  0.13762746  0.20349026  0.23933789  0.23163803  0.17365480  0.30140841  
0.13308723  0.22349310  0.20192898  0.19353543  0.27579786  0.24656983  0.20343194  0.24218388  
0.23954639  0.23249128  0.17964736  0.22810763  0.24165272  0.23254034  0.17901950  0.22935720  
0.25522913  0.24325261  0.25522409  0.23194472  0.18962044  0.27349458  0.23786300  0.28126734  
0.32426431  0.12727192  0.19512801  0.16616431  0.16859741  0.25510371  0.22490799  0.17563332  
0.17106170  0.21428903  0.22814318  0.15461754  0.22103708  0.18648771  0.17938794  0.16903968  
0.15948163  0.19368165  0.13327258  0.16171044  0.21152229  0.16841154  0.22542767  0.20739987  
0.19327664  0.26020398  0.22844451  0.26161814  0.24098338  0.22530381  0.22199777  0.23039552  
0.17033384  0.25023814  0.26748424  0.17759989  0.22112806  0.17817590  0.17705239  0.27509127  
0.20474714  0.23620431  0.14637371  0.26130005  0.16960515  0.21085304  0.17508544  0.22701449  
0.16261981  0.19225053  0.19710021  0.09038098  0.19520105  0.17399187  0.17444059  0.18140966  
0.24456796  0.19931524  0.21001990  0.27506709  0.16266227  0.29459633  0.17373946  0.21198307  
0.25652312  0.28383488  0.19945660  0.21553909  0.23415615  0.22885766  0.18470653  0.21120570  
0.15344386  0.23143638  0.16214718  0.18239538  0.20889844  0.14670593  0.21509138  0.15217954  
0.23963519  0.16979636  0.23992279  0.11492063  0.22470353  0.15783280  0.19497203  0.15486104  
0.20567147  0.20999676  0.23970790  0.16420054  0.21098736  0.18587821  0.16441137  0.14619035  
0.17758106  0.20842292  0.16127518  0.20599855  0.18931502  0.23182815  0.20194078  0.19412560  
0.14777960  0.20459782  0.22429811  0.18643284  0.22527049  0.15268679  0.18422197  0.20229555  
0.21462874  0.11272997  0.16809090  0.18584750  0.18005282  0.18887078  0.15928611  0.18204855  
0.33787981  0.22716645  0.24350304  0.28222068  0.18566864  0.31208311  0.28855780  0.15140854  
0.21786991  0.21379563  0.17494740  0.24175128  0.16373054  0.23986951  0.26372991  0.19514333  
0.21038433  0.16624684  0.17035281  0.21854370  0.26879667  0.23788691  0.24192292  0.26599251  
0.22585853  0.24468468  0.19238503  0.26440095  0.22169105  0.18446644  0.26944450  0.21095845  
0.27915967  0.20976503  0.20440831  0.23131407  0.21299769  0.24073204  0.22032811  0.21884314  
0.20370967  0.25533818  0.24548393  0.26246371  0.15690135  0.18350080  0.14570379  0.16185994  
0.18498954  0.20980348  0.19845421  0.13876502  0.18301374  0.20188615  0.16873184  0.24933587  
0.22393756  0.24758255  0.23440632  0.20556582  0.24265747  0.24415043  0.20850130  0.21460208  
0.18508727  0.16252545  0.20612118  0.17220004  0.19405059  0.20063238  0.23225509  0.23488528  
0.23230496  0.26377751  0.21574175  0.18683826  0.20342083  0.15324891  0.15211234  0.22689642  
0.22545600  0.21512089  0.19484254  0.18895811  0.14377735  0.16459010  0.17790884  0.18350629  
0.28601281  0.23235964  0.24115756  0.23910983  0.13178456  0.29364556  0.24779855  0.20138227  
0.17076123  0.21441258  0.21239157  0.20475394  0.18522226  0.27253814  0.19411677  0.29120200  
0.27924639  0.18128578  0.20826433  0.21360458  0.19374308  0.11288774  0.21186242  0.21263079  
0.17918892  0.32661279  0.19022789  0.22736996  0.20979490  0.23454894  0.23060485  0.23409771  
0.21802327  0.15980456  0.18721978  0.20629257  0.15831988  0.12972202  0.17637128  0.13937900  
0.15391801  0.21346625  0.21083146  0.19533998  0.20536246  0.21183411  0.14887076  0.22145380  
0.23020479  0.24912312  0.24969103  0.22455139  0.26004842  0.20585352  0.22718896  0.23387465  
0.24592119  0.23667784  0.22517625  0.18736966  0.15743044  0.14089306  0.22710327  0.18469153  
0.24603826  0.20863135  0.20715782  0.24403717  0.15958554  0.25689366  0.25188453  0.15809857  
0.21490322  0.15471447  0.18474227  0.19715093  0.19137002  0.16031810  0.18075231  0.18368601  
0.31290337  0.28016449  0.19489775  0.22347710  0.20733602  0.23903991  0.21021088  0.25116618  
0.20268836  0.26201728  0.20172830  0.21801892  0.26183277  0.23656311  0.22553272  0.22408208  
0.11791038  0.20522268  0.25587533  0.21970241  0.18862228  0.20570392  0.21354350  0.27149330  
0.18414475  0.15516403  0.13107295  0.16927446  0.25924185  0.20782918  0.21041639  0.20240891  
0.20282507  0.29535852  0.24802703  0.20993266  0.32528675  0.25202784  0.17918551  0.25773474  
0.19385889  0.30683616  0.27375982  0.20160966  0.26784008  0.21007173  0.17635054  0.22303531  
0.22866007  0.16617717  0.19367813  0.20124942  0.26356476  0.13989790  0.17728388  0.20277615  
0.21012805  0.22993516  0.23576611  0.22442649  0.28993258  0.29228779  0.15650193  0.15016779  
0.19027527  0.22517895  0.23365038  0.24426189  0.17851890  0.23295626  0.19063081  0.21301582  
0.23742218  0.16285699  0.21590714  0.18938884  0.27287524  0.20746465  0.25656002  0.28431076  
0.21152542  0.19642904  0.19815026  0.25040951  0.21906506  0.21243249  0.16146417  0.23047836  
0.15903239  0.23473717  0.21707494  0.19417377  0.16749886  0.17401455  0.16730246  0.19928658  
0.22611530  0.18131907  0.32210380  0.24389985  0.21888315  0.17451754  0.31031710  0.24695725  
0.24422094  0.14646920  0.21380986  0.22016437  0.20078130  0.23799813  0.24399693  0.17524855  
0.21339784  0.16304444  0.26100738  0.18186505  0.24721189  0.14164508  0.18206628  0.19712138  
0.20937833  0.24464292  0.21124976  0.26010707  0.21180929  0.23361015  0.16150941  0.25496265  
0.24197434  0.25810969  0.18135368  0.26562956  0.25470087  0.29222829  0.23304567  0.29430964  
0.20186028  0.18646036  0.20305185  0.16239094  0.23611494  0.14955963  0.17710221  0.13954830  
0.19630758  0.24139564  0.23802114  0.25517928  0.20733082  0.19975959  0.22219723  0.15417105  
0.17269873  0.18432500  0.18837279  0.25512278  0.20559243  0.22155170  0.22937410  0.18264506  
0.20800019  0.20921299  0.26331550  0.22821455  0.27160636  0.27502165  0.25461944  0.22589056  
0.20922390  0.17956532  0.23298254  0.24498471  0.20862851  0.25322600  0.21518436  0.22263697  
0.27933825  0.19532867  0.21977552  0.17447819  0.26990714  0.21558472  0.21732092  0.22975329  
0.23461621  0.20686501  0.20098252  0.21656614  0.25590803  0.26001043  0.26646728  0.19339214  
0.20314037  0.23802688  0.22814333  0.22461807  0.21402076  0.20027142  0.17966342  0.27104307  
0.16218255  0.20203884  0.17280152  0.29403588  0.15597517  0.15790876  0.23936568  0.20126489  
0.19485111  0.27739615  0.26783409  0.27890593  0.19426889  0.18790712  0.20396569  0.20501577  
0.22540792  0.19873675  0.21827097  0.23194793  0.23117223  0.15273469  0.19864579  0.19585974  
0.16395695  0.22457457  0.24349723  0.23520675  0.27035228  0.12187031  0.26891554  0.20444134  
0.23892323  0.17216829  0.24610770  0.16255246  0.27694438  0.16542039  0.26735567  0.17876689  
0.16782060  0.17532794  0.21261007  0.20293294  0.24659634  0.12244601  0.16378704  0.20973004  
0.17865705  0.19431120  0.19402031  0.23598443  0.17228213  0.23523860  0.24541737  0.15903959  
0.26344729  0.19351265  0.13967674  0.18700752  0.22576716  0.21696692  0.24508194  0.18398559  
0.21191706  0.18964171  0.16746196  0.12671018  0.15952572  0.17211087  0.14648781  0.16793267  
0.24377934  0.22631119  0.24338451  0.18820958  0.20442723  0.23279682  0.22107292  0.27023604  
0.16630773  0.21636520  0.16060904  0.20699104  0.18691778  0.24631067  0.24198751  0.22922145  
0.21288657  0.21595615  0.23327758  0.22715453  0.20659475  0.22695745  0.18946603  0.14931985  
0.23323634  0.17093234  0.25139891  0.28718716  0.24592004  0.29888380  0.13556541  0.18914744  
0.22155402  0.20842754  0.23579596  0.19005012  0.15441973  0.20461668  0.21636067  0.18570418  
0.18537520  0.18642791  0.16140375  0.18570359  0.16641903  0.16660737  0.19618533  0.16592032  
0.13851376  0.29724506  0.18942184  0.24853697  0.24556819  0.22050600  0.14247840  0.25341924  
0.25998541  0.24035280  0.19690704  0.18638598  0.26028290  0.11603756  0.17200209  0.27022951  
0.15050327  0.16108603  0.14667813  0.23209243  0.23167571  0.29148315  0.20574142  0.20584825  
0.23875171  0.22980140  0.26617240  0.18632613  0.24824578  0.17870505  0.22217362  0.18612839  
0.21630921  0.25660878  0.17690868  0.25296379  0.27137371  0.18891821  0.20174309  0.20118711  
0.24722589  0.19630294  0.20976638  0.24380442  0.24286947  0.21892079  0.28185703  0.20626905  
0.27122360  0.25240139  0.19047643  0.27137396  0.18468790  0.18960733  0.21644170  0.17312978  
0.22156900  0.22115850  0.19806181  0.24361763  0.21169772  0.24779474  0.19125078  0.17715705  
0.16958780  0.23447377  0.13653579  0.17510418  0.22505676  0.22793109  0.22522643  0.20226983  
0.19349185  0.23194159  0.15642341  0.09929045  0.30168952  0.19939305  0.23971682  0.23747654  
0.25962163  0.20545618  0.24595147  0.23364537  0.19947585  0.22546579  0.22123617  0.22212822  
0.18190846  0.25214987  0.17880682  0.20380847  0.19264574  0.16948706  0.15832398  0.20323459  
0.27651009  0.25321973  0.24525919  0.23193540  0.24998451  0.23855774  0.27467526  0.24860964  
0.20957609  0.28486058  0.25546528  0.17015495  0.19991479  0.15549833  0.20994137  0.14289089  
0.22843884  0.19633746  0.20449267  0.18766154  0.20644612  0.17179661  0.18982853  0.16533699  
0.20138449  0.24549106  0.23425011  0.19725332  0.22547114  0.21152765  0.26195812  0.19052667  
0.19281008  0.22849943  0.20606543  0.29326424  0.26131802  0.30106862  0.18984493  0.25126764  
0.20694447  0.28887049  0.25952280  0.20135638  0.17859113  0.25756078  0.20840185  0.25590742  
0.25133534  0.25777717  0.26241235  0.24602800  0.25472250  0.23171207  0.27011548  0.19514135  
0.19564286  0.13247673  0.19890040  0.14394470  0.21785524  0.24108409  0.19257333  0.16383543  
