1753.53728764
885.844355272
1210.69082973
1377.07892801
1293.69534186
914.164006505
1219.07448196
1171.03307091
1566.63970663
1397.51257742
896.339302986
894.522438741
898.570848102
1001.66172684
1503.57173378
1161.69577564
915.05281464
1633.56845109
1235.90789726
1309.26151794
864.355212881
1191.85301644
1819.34084704
948.21840353
980.235354121
954.555401089
1003.80914236
1382.88313693
1246.05320979
1434.59919726
1047.42401166
1185.00224051
964.52209322
1098.00096928
1017.16723653
1186.28383425
927.767095995
1211.18331055
1050.32050799
1182.03630952
925.924570139
1201.89765623
1621.14838834
1089.64442858
1333.73130628
852.702959848
1289.13420341
1243.21048564
1173.85539067
1060.90568884
1502.81825447
952.839935331
1092.92867712
841.177047137
1136.63105257
1276.44956209
1290.8745413
1224.14764443
1944.541097
1024.74749027
893.949857413
1081.56417084
1315.39999467
1077.44849455
1218.8080486
834.164349881
985.866888477
1045.18403139
1273.68407519
1335.37323649
767.16080452
899.774005021
1368.53701315
1148.98553956
1114.42724681
1091.16501794
897.61267835
1180.03475692
1142.81875827
616.062662819
1415.00680535
1044.23893359
946.004435811
1306.26209332
589.9979913
952.304298067
913.392633771
1278.97312534
965.728903837
1230.10725497
1213.40767273
1170.57193233
1166.62103484
1089.81779603
1355.44375371
886.672968132
1104.94850826
949.51235927
1117.64673201
923.231052288
1375.60991841
1448.33440264
1558.63159263
1007.09333576
977.559419664
1209.37513428
1497.97638208
1176.16219645
1301.45087585
1572.09917838
916.179763874
1125.79027288
1097.9171834
1136.86239438
1130.40227637
1204.41964277
1004.68409833
996.622994309
1167.84694697
1610.90769907
1267.22853427
864.660877143
880.063067357
1399.45909134
1051.42108649
1105.39933359
1277.10801301
1114.94599515
944.13017468
1580.4002087
916.701536302
1302.24378138
848.726562087
1311.13996889
1198.03319015
1439.672986
1477.66007437
1188.97794254
1047.72000055
1089.46280888
1230.83207363
1189.64832132
1370.1337178
1153.47168303
982.760267862
1498.52113633
1170.21786852
842.542323597
1178.29896803
1584.7300971
927.434686505
1070.40585384
1067.10538979
1326.85056771
868.003649624
1544.88069344
1318.97786517
1176.39358621
1571.24719153
1672.69170697
968.342102403
1615.09810872
1040.27487778
985.008293424
879.97345636
932.306508179
1468.08544048
901.826665902
1853.33983761
780.401621772
1073.50333782
1860.059505
1103.68122162
1312.15571443
1159.56262865
1359.20917367
948.826620423
929.202557827
1013.43438949
817.477328798
1251.85828591
1262.53515218
1282.04094871
831.673551533
1299.90360644
961.835816943
1268.48269882
1209.14707236
950.299343027
1278.08069966
1148.61285692
1483.9751011
2281.83552325
1048.60675946
1219.29395003
1218.29068901
1078.46759696
1096.65634773
1733.8567089
1265.18802952
